time,x-gyro,y-gyro,z-gyro
1621523541590,0.33536586,0.076219514,-0.030487806
1621523541621,0.10670732,0.09146342,0.16768293
1621523541621,-0.030487806,0.22865854,0.19817074
1621523541650,-0.04573171,0.18292683,0.16768293
1621523541680,-0.04573171,0.030487806,0.04573171
1621523541681,-0.030487806,0.06097561,0.09146342
1621523541711,-0.015243903,0.15243903,0.10670732
1621523541741,-0.04573171,0.10670732,0.030487806
1621523541741,-0.030487806,0.16768293,0.06097561
1621523541772,-0.015243903,0.25914633,0.13719513
1621523541800,0.0,0.25914633,0.21341464
1621523541802,0.0,0.21341464,0.21341464
1621523541832,-0.030487806,0.28963414,0.18292683
1621523541862,-0.076219514,0.30487806,0.16768293
1621523541862,-0.06097561,0.21341464,0.076219514
1621523541892,-0.06097561,0.28963414,0.19817074
1621523541921,-0.030487806,0.24390244,0.21341464
1621523541921,0.04573171,0.25914633,0.16768293
1621523541950,0.030487806,0.16768293,0.12195122
1621523541979,0.04573171,0.12195122,0.09146342
1621523541981,0.030487806,0.13719513,0.030487806
1621523542010,-0.04573171,0.09146342,0.06097561
1621523542041,-0.076219514,0.12195122,0.12195122
1621523542041,-0.030487806,0.16768293,0.06097561
1621523542072,-0.06097561,0.12195122,0.04573171
1621523542101,-0.030487806,0.09146342,0.06097561
1621523542101,-0.06097561,0.04573171,0.06097561
1621523542131,-0.015243903,0.030487806,0.12195122
1621523542161,0.015243903,0.10670732,0.09146342
1621523542162,0.0,0.24390244,0.10670732
1621523542190,0.015243903,0.22865854,0.12195122
1621523542221,0.0,0.13719513,0.16768293
1621523542222,0.0,0.15243903,0.12195122
1621523542250,0.06097561,0.22865854,0.19817074
1621523542279,0.015243903,0.21341464,0.16768293
1621523542281,0.0,0.19817074,0.18292683
1621523542309,0.030487806,0.16768293,0.15243903
1621523542341,0.015243903,0.24390244,0.19817074
1621523542341,0.0,0.21341464,0.12195122
1621523542370,-0.076219514,0.030487806,0.0
1621523542399,-0.06097561,0.10670732,0.16768293
1621523542400,-0.030487806,0.16768293,0.12195122
1621523542430,0.0,0.22865854,0.076219514
1621523542461,-0.04573171,0.076219514,0.030487806
1621523542462,-0.015243903,0.015243903,0.10670732
1621523542490,-0.04573171,0.04573171,0.06097561
1621523542522,-0.04573171,0.13719513,0.015243903
1621523542522,-0.09146342,0.030487806,0.015243903
1621523542550,-0.15243903,0.030487806,0.0
1621523542580,-0.015243903,0.06097561,-0.015243903
1621523542609,0.015243903,0.0,-0.06097561
1621523542610,-0.10670732,-0.06097561,-0.10670732
1621523542640,-0.12195122,-0.076219514,-0.06097561
1621523542641,0.0,0.06097561,-0.076219514
1621523542671,-0.076219514,0.10670732,-0.015243903
1621523542699,-0.09146342,0.10670732,0.04573171
1621523542730,-0.015243903,0.13719513,0.13719513
1621523542732,0.0,0.19817074,0.18292683
1621523542760,-0.06097561,0.24390244,0.18292683
1621523542789,-0.06097561,0.27439025,0.15243903
1621523542791,-0.04573171,0.19817074,0.15243903
1621523542820,-0.06097561,0.19817074,0.015243903
1621523542851,0.015243903,0.09146342,-0.04573171
1621523542851,-0.030487806,0.076219514,-0.04573171
1621523542879,-0.04573171,0.18292683,-0.076219514
1621523542911,-0.04573171,0.12195122,-0.13719513
1621523542911,0.0,0.030487806,-0.15243903
1621523542940,0.0,-0.030487806,-0.16768293
1621523542969,0.076219514,-0.21341464,-0.32012194
1621523542971,0.22865854,-0.41158536,-0.41158536
1621523543000,0.5792683,-1.2042683,-0.38109756
1621523543029,0.6707317,-1.0365853,0.13719513
1621523543031,0.30487806,0.42682928,0.51829267
1621523543061,0.09146342,1.3567073,0.8231707
1621523543090,0.15243903,1.7987806,0.99085367
1621523543091,0.16768293,2.027439,1.0060976
1621523543120,0.13719513,2.0884147,1.1432927
1621523543149,-0.16768293,2.3932927,1.1280488
1621523543150,-0.4878049,2.3475611,0.7621951
1621523543180,-1.2347561,2.682927,0.30487806
1621523543209,-2.820122,3.4146342,-0.21341464
1621523543211,-5.2134147,4.9695125,-1.2195122
1621523543240,-3.9786587,8.75,-0.42682928
1621523543270,9.131098,12.469513,4.420732
1621523543272,36.6311,4.5731707,15.746952
1621523543300,62.942074,-12.57622,31.09756
1621523543329,76.75305,-34.862804,41.661587
1621523543332,64.29878,-53.612804,45.57927
1621523543360,27.332317,-43.689026,48.23171
1621523543389,-4.8170733,-42.393295,50.868904
1621523543391,-27.591465,-20.609756,48.27744
1621523543419,-33.94817,-15.929878,45.975613
1621523543451,-40.030487,-20.609756,53.048782
1621523543451,-36.20427,-3.8262196,54.146343
1621523543480,15.167684,29.237806,6.4634147
1621523543511,25.320122,29.17683,-30.655489
1621523543511,33.17073,26.280489,-33.871952
1621523543540,44.085365,24.771341,5.5945125
1621523543570,29.92378,14.832317,34.17683
1621523543570,5.0609756,22.164635,17.240854
1621523543600,-1.2804878,9.695122,-1.6158537
1621523543630,7.057927,4.5884147,-0.6707317
1621523543631,10.426829,15.579268,3.5060976
1621523543661,8.643292,25.670732,4.679878
1621523543691,8.948171,21.859756,8.643292
1621523543691,9.10061,18.719513,10.97561
1621523543721,8.75,17.728659,10.289635
1621523543751,8.429878,17.469513,11.814025
1621523543751,7.85061,19.710367,15.579268
1621523543780,8.20122,23.20122,18.55183
1621523543810,8.094512,24.92378,17.073172
1621523543811,7.271342,24.390244,14.146341
1621523543840,5.777439,23.993902,13.887196
1621523543871,3.8567073,21.265244,14.512196
1621523543871,2.0884147,15.167684,13.993903
1621523543900,0.38109756,9.496951,12.835366
1621523543929,-1.0518293,3.7804878,11.463415
1621523543932,-2.0884147,-1.6768293,10.213415
1621523543960,-2.515244,-4.02439,10.0152445
1621523543991,-3.1554878,-6.2347565,9.237805
1621523543991,-4.2987804,-7.881098,7.4390244
1621523544020,-4.7865853,-8.734756,5.777439
1621523544051,-4.512195,-9.847561,3.9634147
1621523544051,-4.4359756,-10.868903,1.4329269
1621523544080,-4.740854,-13.612805,-1.3871951
1621523544111,-4.115854,-13.460366,-2.4085367
1621523544111,-3.7042685,-12.57622,-4.3292685
1621523544139,-3.8719513,-12.454268,-5.762195
1621523544169,-3.765244,-12.85061,-5.960366
1621523544170,-3.6890244,-12.835366,-6.6768293
1621523544199,-3.3384147,-12.5152445,-7.530488
1621523544231,-3.5365853,-11.234756,-7.027439
1621523544231,-3.628049,-9.954268,-6.890244
1621523544261,-3.5518293,-8.810976,-6.3567076
1621523544290,-3.1554878,-7.22561,-5.533537
1621523544291,-2.7896342,-5.487805,-4.6189027
1621523544321,-2.4695122,-4.679878,-4.039634
1621523544350,-2.2256098,-5.4573174,-4.375
1621523544351,-2.027439,-5.8841467,-4.3445125
1621523544379,-1.9054879,-6.387195,-4.268293
1621523544409,-2.362805,-8.170732,-5.670732
1621523544411,-1.6463414,-7.6219516,-5.914634
1621523544440,-0.42682928,-4.634146,-5.7469516
1621523544469,0.30487806,-3.125,-4.7865853
1621523544471,0.39634147,-2.957317,-3.5975611
1621523544499,0.86890244,-1.6310976,-4.0701222
1621523544529,1.6006098,-0.36585367,-4.9237804
1621523544531,1.8445122,0.5030488,-4.527439
1621523544560,1.9207318,0.4878049,-4.1615853
1621523544590,1.7378049,-0.7012195,-5.045732
1621523544591,1.570122,-1.7530488,-5.381098
1621523544619,1.6920732,-2.210366,-5.3201222
1621523544651,2.012195,-2.1493902,-5.777439
1621523544651,1.8445122,-2.3475611,-5.487805
1621523544679,1.5396342,-1.875,-4.634146
1621523544711,1.2957318,-1.8597561,-3.7804878
1621523544712,1.417683,-1.8597561,-2.682927
1621523544740,1.9207318,-0.71646345,-1.3719512
1621523544770,2.637195,2.1189024,-1.0518293
1621523544771,2.820122,3.3993902,-1.2652439
1621523544800,2.2713416,3.0640244,-0.80792683
1621523544829,1.4634147,0.80792683,-0.41158536
1621523544831,0.625,-1.5091463,-0.41158536
1621523544861,-0.45731708,-3.307927,-0.13719513
1621523544890,-0.92987806,-2.9420733,1.0670732
1621523544919,-1.3262196,-2.8506098,1.5853659
1621523544922,-1.4481708,-1.5548781,2.1036587
1621523544950,-1.3109757,-1.2804878,2.4542685
1621523544979,-1.2195122,-1.6920732,2.2408538
1621523544980,-1.25,-1.570122,2.3932927
1621523545010,-1.3719512,-1.25,3.2469513
1621523545041,-1.6158537,-1.3567073,4.2987804
1621523545041,-1.4329269,-1.417683,5.807927
1621523545070,-1.2957318,-0.85365856,7.545732
1621523545100,-1.4329269,0.16768293,9.405488
1621523545101,-1.2042683,1.5396342,11.692074
1621523545130,-1.4786586,1.7378049,13.064025
1621523545160,-3.0335367,0.5792683,15.320123
1621523545161,-6.417683,-1.097561,18.399391
1621523545190,-12.301829,-5.045732,19.420732
1621523545220,-22.34756,-11.204268,20.0
1621523545222,-45.487804,-14.131098,27.743902
1621523545251,-83.21647,-5.5487804,50.73171
1621523545281,-112.28659,-17.728659,71.585365
1621523545281,-151.43294,-47.271343,85.85366
1621523545311,-213.99391,-57.759148,97.31708
1621523545341,-255.65549,-86.47866,116.44817
1621523545341,-292.13416,-101.08232,158.55183
1621523545371,-304.02438,-58.5061,222.10367
1621523545401,-246.72256,-10.731708,272.05792
1621523545401,-157.37805,21.72256,287.95734
1621523545432,-99.83232,45.807926,269.95428
1621523545461,-118.61281,84.00915,202.92683
1621523545463,-58.887196,51.585365,47.17988
1621523545492,83.15549,-30.045732,-93.38415
1621523545521,47.225613,48.90244,-126.93598
1621523545523,39.52744,44.085365,-135.79268
1621523545552,91.631096,-1.1128049,-165.74695
1621523545581,135.09146,-5.27439,-188.04878
1621523545583,163.87195,6.021342,-204.29878
1621523545612,186.11281,5.533537,-218.27745
1621523545642,202.11891,5.609756,-225.07622
1621523545643,212.94208,14.786586,-224.84756
1621523545670,222.24086,26.32622,-226.64635
1621523545702,228.2622,40.594513,-238.75
1621523545702,220.32013,54.146343,-263.0488
1621523545731,204.96951,62.30183,-286.4177
1621523545761,177.72867,60.045734,-285.48782
1621523545762,131.34146,24.740854,-222.2561
1621523545791,71.43293,22.286587,-97.6372
1621523545821,15.594513,1.9969512,17.118902
1621523545821,-127.51524,15.243903,115.80793
1621523545853,-263.93292,88.30793,110.65549
1621523545880,-211.875,53.125,86.676834
1621523545880,-40.259148,-63.536587,141.29573
1621523545912,31.463415,-9.847561,94.10061
1621523545941,-16.17378,31.707317,16.539635
1621523545941,-7.515244,-22.545732,8.612805
1621523545971,-6.265244,-9.161586,5.8384147
1621523546031,-6.9359756,11.432927,11.432927
1621523546031,-4.1768293,-2.698171,8.67378
1621523546034,-3.612805,-10.472561,6.1890244
1621523546061,-3.4146342,-7.5,6.0670733
1621523546063,-3.1707318,-5.0762196,7.2865853
1621523546091,-3.8262196,-5.121951,6.631098
1621523546121,-4.527439,-5.8536587,4.542683
1621523546123,-4.984756,-5.7164636,3.5213416
1621523546152,-5.015244,-4.664634,4.131098
1621523546181,-4.8323174,-3.932927,5.015244
1621523546183,-4.740854,-2.5762196,6.006098
1621523546211,-4.893293,0.15243903,7.652439
1621523546241,-4.64939,1.8597561,8.963415
1621523546241,-3.9786587,3.292683,10.97561
1621523546271,-3.6737807,4.740854,13.689025
1621523546301,-3.6432927,5.777439,15.960366
1621523546301,-3.7804878,7.179878,17.362804
1621523546330,-4.5884147,8.125,19.512196
1621523546361,-6.585366,8.04878,23.384148
1621523546362,-10.685976,6.402439,26.25
1621523546390,-17.713415,1.1280488,27.591465
1621523546420,-28.140245,-6.52439,29.344513
1621523546421,-42.088417,-15.655488,33.03354
1621523546513,-62.65244,-31.859756,38.5061
1621523546513,-111.73781,-54.161587,53.064026
1621523546513,-199.60367,-82.31708,101.11281
1621523546516,-307.24088,-126.73781,143.17073
1621523546541,-422.89636,-168.38416,187.42378
1621523546541,-428.97867,-141.92073,261.53964
1621523546571,-255.45732,-73.15549,304.6189
1621523546601,-83.75,-66.25,250.09148
1621523546601,-59.009148,-6.417683,170.65549
1621523546632,-12.743903,84.64939,94.69512
1621523546661,116.676834,76.097565,21.25
1621523546663,95.89939,119.618904,-4.847561
1621523546691,94.222565,97.17988,-61.28049
1621523546721,117.77439,62.088417,-133.8567
1621523546723,132.31708,73.23171,-181.6311
1621523546751,154.86281,72.560974,-210.44208
1621523546781,189.57318,55.85366,-226.99696
1621523546783,224.34451,50.42683,-232.34756
1621523546812,248.125,49.161587,-235.33537
1621523546843,255.24391,44.69512,-244.63416
1621523546843,250.03049,58.689026,-261.89026
1621523546871,236.58537,89.375,-277.85062
1621523546900,209.375,123.70427,-269.93903
1621523546901,156.38719,83.78049,-246.57013
1621523546930,87.347565,-4.542683,-170.70122
1621523546959,32.271343,17.560976,-20.716463
1621523546961,-46.661587,1.4786586,103.90244
1621523546990,-219.63416,63.30793,118.17074
1621523547021,-238.94818,86.08232,77.57622
1621523547022,-109.64939,-186.3872,149.67989
1621523547052,-34.542683,-105.1372,139.40549
1621523547081,7.652439,-7.7134147,25.670732
1621523547081,-7.9268293,-16.539635,8.246951
1621523547144,-7.256098,-11.768293,6.9817076
1621523547144,-2.012195,4.72561,7.4542685
1621523547144,-0.86890244,4.542683,9.10061
1621523547171,-1.402439,-3.8414636,5.2439027
1621523547229,-0.45731708,-1.8140244,6.417683
1621523547230,0.6859756,4.5884147,9.02439
1621523547232,1.0518293,4.268293,8.628049
1621523547262,1.4939024,2.2865853,7.804878
1621523547292,1.5548781,0.6402439,7.9268293
1621523547292,1.722561,-1.3871951,7.164634
1621523547321,1.6310976,-0.91463417,7.0884147
1621523547351,1.3567073,-0.35060975,7.9420733
1621523547351,1.5243902,-0.27439025,8.094512
1621523547380,1.1737806,0.25914633,7.682927
1621523547411,0.92987806,0.79268295,8.04878
1621523547411,0.79268295,0.8993903,8.628049
1621523547441,1.0060976,1.5243902,10.579268
1621523547471,1.7378049,3.5213416,13.978659
1621523547471,2.378049,3.445122,16.189024
1621523547530,2.362805,2.2560976,18.810976
1621523547561,1.5396342,1.7378049,22.774391
1621523547562,-0.5335366,-2.0731707,27.439026
1621523547566,-4.634146,-0.04573171,37.530487
1621523547566,-9.435976,13.917684,60.137196
1621523547591,-25.320122,46.036587,93.91769
1621523547620,-44.390244,60.914635,116.875
1621523547650,-45.640244,36.082317,124.16159
1621523547652,-60.365856,15.106708,151.18903
1621523547682,-89.74085,34.832317,206.26524
1621523547711,-100.18293,80.426834,243.46037
1621523547713,-90.82317,71.08232,234.11586
1621523547741,-78.67378,38.185978,162.2561
1621523547770,-69.78659,-57.850613,42.65244
1621523547773,-116.02135,-65.82317,-67.77439
1621523547802,-143.06403,-38.094513,-115.04573
1621523547831,-107.118904,-48.963417,-115.71647
1621523547833,-43.246952,-70.64024,-92.301834
1621523547862,15.807927,-70.53354,-62.45427
1621523547892,58.03354,-58.673782,-50.015244
1621523547892,85.85366,-48.262196,-59.80183
1621523547920,97.86585,-44.984756,-81.73781
1621523547950,95.97561,-38.35366,-109.20732
1621523547952,95.59451,-19.862804,-141.02135
1621523547981,102.02744,-10.426829,-171.4177
1621523548011,103.56708,-7.3323174,-196.3872
1621523548011,97.24085,0.28963414,-212.6677
1621523548071,91.46342,5.7317076,-217.80489
1621523548071,89.58842,17.149391,-212.68294
1621523548071,95.685974,34.786587,-195.68597
1621523548103,105.79269,35.762196,-167.48476
1621523548160,108.018295,19.466463,-126.768295
1621523548161,89.72561,11.17378,-75.92988
1621523548162,57.362804,-5.7012196,-26.310976
1621523548191,25.487806,-22.621952,17.34756
1621523548192,-10.914635,-34.740856,48.871952
1621523548251,-51.615856,-47.45427,59.71037
1621523548252,-89.00915,-54.48171,58.567074
1621523548255,-171.58537,-3.3841465,48.39939
1621523548281,-295.10672,152.43903,-40.77744
1621523548311,-242.10367,162.74391,-62.57622
1621523548313,-63.262196,2.9725611,87.743904
1621523548371,65.60976,-72.71342,112.972565
1621523548371,-6.3414636,17.439024,9.710366
1621523548374,-6.0365853,7.5762196,16.12805
1621523548402,19.131098,-42.530487,14.344513
1621523548432,0.9756098,11.082317,10.381098
1621523548433,-2.957317,24.070122,15.762196
1621523548461,-1.1432927,12.820123,14.786586
1621523548524,-2.4542685,4.6951222,9.420732
1621523548524,-2.637195,-1.0213414,6.3262196
1621523548524,-3.1554878,-0.65548784,6.280488
1621523548551,-3.7195122,-0.4878049,7.4237804
1621523548551,-4.5884147,-1.0518293,6.25
1621523548611,-4.756098,-1.9054879,5.182927
1621523548615,-4.222561,-4.3445125,5.8231707
1621523548615,-3.902439,-4.5884147,7.256098
1621523548641,-4.375,-2.332317,8.018292
1621523548671,-4.4817076,-0.41158536,9.176829
1621523548671,-4.4664636,1.4634147,11.905488
1621523548702,-4.115854,2.2560976,14.695123
1621523548731,-3.2164636,2.804878,17.362804
1621523548731,-2.7591465,5.609756,21.310976
1621523548760,-3.4908538,7.652439,24.87805
1621523548790,-4.039634,8.185976,27.743902
1621523548791,-5.8689027,7.789634,29.22256
1621523548822,-9.939025,6.2347565,31.189026
1621523548850,-17.698172,3.003049,34.786587
1621523548850,-29.115854,-5.0914636,38.155487
1621523548880,-46.448174,-21.189024,41.509148
1621523548910,-76.08232,-49.969513,46.95122
1621523548911,-137.48476,-71.84451,78.84147
1621523548940,-242.71342,-91.951225,139.45122
1621523548970,-358.94818,-149.58842,165.59451
1621523548971,-466.43295,-180.53354,214.5427
1621523549000,-444.81708,-144.80183,291.06708
1621523549033,-284.05487,-100.10671,330.09146
1621523549033,-122.75915,-94.176834,308.10977
1621523549061,-98.643295,-62.80488,226.81403
1621523549091,-46.341465,23.582317,77.31708
1621523549091,174.00916,19.908537,-63.35366
1621523549121,174.20732,82.54573,-101.08232
1621523549151,136.09756,50.65549,-106.85976
1621523549151,169.14635,-9.756098,-154.4817
1621523549180,202.57622,2.3018293,-203.2927
1621523549210,224.90854,30.716465,-233.75
1621523549211,251.32623,28.506098,-249.16159
1621523549271,271.11282,21.341463,-250.88416
1621523549272,278.32318,21.768293,-241.49391
1621523549272,265.68597,42.515244,-241.09756
1621523549300,236.0061,76.310974,-267.13416
1621523549330,195.60976,55.27439,-294.42075
1621523549330,141.06708,-16.17378,-216.64635
1621523549360,83.65854,-20.77744,-9.817074
1621523549419,-36.844513,26.021341,116.66159
1621523549420,-244.03964,100.97561,81.29573
1621523549422,-157.16464,250.56403,48.44512
1621523549449,113.56708,-20.15244,121.676834
1621523549480,28.353659,-24.664635,45.137196
1621523549480,-24.649391,2.2713416,10.670732
1621523549510,-6.280488,-29.588415,1.6615855
1621523549511,-6.905488,3.6890244,3.2469513
1621523549570,-5.8231707,14.618903,14.085366
1621523549571,-6.0823174,-1.0213414,7.9573174
1621523549574,-6.0823174,-6.615854,4.679878
1621523549602,-5.8689027,-5.167683,5.289634
1621523549665,-5.35061,-3.3384147,6.9512196
1621523549665,-4.8018293,-0.9603659,6.7225614
1621523549665,-4.542683,0.10670732,6.021342
1621523549691,-4.64939,-0.88414633,4.542683
1621523549721,-4.222561,-1.6158537,3.5060976
1621523549721,-2.637195,-0.21341464,3.277439
1621523549750,0.16768293,2.4390244,2.7439024
1621523549779,2.7439024,6.585366,2.7591465
1621523549780,6.006098,10.457317,3.6585367
1621523549811,8.536586,15.426829,6.158537
1621523549840,8.323171,18.185976,11.539635
1621523549841,6.646342,15.472561,15.564025
1621523549870,5.5487804,11.158537,17.271341
1621523549900,5.487805,8.490854,17.987804
1621523549901,1.9969512,5.670732,19.420732
1621523549932,-4.4817076,2.820122,25.335367
1621523549962,-14.756098,2.1646342,37.057926
1621523549962,-29.80183,2.3018293,49.039635
1621523549991,-47.118904,-3.2317073,53.85671
1621523550050,-63.018295,-16.737804,55.823174
1621523550054,-84.14635,-43.42988,63.567074
1621523550055,-146.32622,-37.57622,98.42988
1621523550081,-191.12805,-33.368904,128.30792
1621523550081,-207.43903,-53.689026,146.53964
1621523550111,-230.1677,-33.03354,179.00916
1621523550141,-203.09451,-13.917684,203.53659
1621523550141,-142.68294,-9.832317,211.06708
1621523550171,-93.551834,-6.265244,206.57013
1621523550202,-52.012196,-7.1341467,179.96951
1621523550202,17.804878,-33.17073,105.7622
1621523550232,70.472565,-38.003048,5.3201222
1621523550261,101.06708,-21.875,-108.018295
1621523550261,72.301834,-3.1707318,-160.12195
1621523550292,63.948174,-32.423782,-168.5061
1621523550321,92.69817,-56.067074,-177.43903
1621523550321,126.25,-53.323174,-180.15245
1621523550350,154.29878,-38.90244,-168.62805
1621523550380,175.25916,-24.542683,-150.32013
1621523550381,192.13416,-12.698171,-138.56708
1621523550410,199.20732,7.14939,-129.84756
1621523550441,187.1494,30.533537,-119.893295
1621523550443,155.01524,35.990856,-115.10671
1621523550471,104.451225,18.582317,-118.551834
1621523550501,48.42988,-4.4512196,-135.22867
1621523550503,-0.30487806,-25.655489,-146.03659
1621523550531,-54.161587,0.8231707,-94.72561
1621523550562,-103.00305,44.512196,-2.4237804
1621523550562,-130.60976,80.7622,33.810978
1621523550590,-115.426834,92.393295,19.146341
1621523550620,-58.97866,82.91159,13.536586
1621523550621,29.405489,-9.740854,42.2561
1621523550650,53.262196,-78.246956,47.088417
1621523550680,8.658537,18.963415,13.67378
1621523550680,5.640244,10.487805,11.570122
1621523550710,12.942074,-3.612805,12.530488
1621523550740,11.112805,-2.9725611,6.128049
1621523550741,2.6219513,8.521341,6.6768293
1621523550770,-0.19817074,12.789635,10.320122
1621523550801,-1.8292683,8.490854,6.9817076
1621523550801,-2.9420733,6.52439,4.527439
1621523550832,-3.4756098,4.253049,1.7835367
1621523550861,-3.8109758,0.27439025,-0.86890244
1621523550861,-3.9634147,-1.6768293,0.7621951
1621523550893,-3.8414636,-1.9512196,3.277439
1621523550922,-4.009146,-2.804878,2.7591465
1621523550922,-3.9939024,-3.7195122,1.8597561
1621523550950,-4.054878,-4.222561,1.7378049
1621523550980,-3.6890244,-4.222561,2.027439
1621523550981,-3.460366,-3.5518293,2.195122
1621523551011,-3.2164636,-2.652439,2.667683
1621523551040,-2.804878,-1.2804878,3.6890244
1621523551042,-2.5457318,0.6097561,4.5884147
1621523551072,-2.2865853,1.9969512,5.990854
1621523551100,-1.7682927,2.7896342,7.652439
1621523551102,-1.6006098,3.4756098,9.314025
1621523551132,-1.5548781,3.7957318,10.838415
1621523551162,-1.7835367,3.582317,13.109756
1621523551162,-2.5914636,1.8902439,15.091464
1621523551191,-3.7347562,-0.6707317,16.859756
1621523551221,-5.670732,-4.085366,18.140244
1621523551223,-9.45122,-8.216464,19.634148
1621523551251,-15.70122,-12.835366,23.07927
1621523551282,-27.987806,-19.131098,28.67378
1621523551282,-55.365856,-27.57622,37.85061
1621523551310,-106.70732,-31.905489,67.89634
1621523551340,-169.71037,-40.182926,110.68598
1621523551341,-216.99696,-80.0,123.17074
1621523551370,-279.66464,-116.814026,129.6494
1621523551401,-354.23782,-114.63415,169.84756
1621523551401,-343.85672,-89.268295,223.0183
1621523551432,-258.97867,-42.225613,259.20734
1621523551461,-161.1433,-6.4939027,262.0427
1621523551461,-86.35671,3.4298782,229.25305
1621523551491,-59.7561,36.082317,144.08537
1621523551521,3.1859758,45.0,33.246952
1621523551521,164.16159,24.314026,-67.210365
1621523551550,134.54268,88.018295,-80.70122
1621523551580,96.66159,69.085365,-80.30488
1621523551581,111.64635,21.72256,-112.75915
1621523551610,129.40549,17.92683,-149.7561
1621523551640,137.63719,33.094513,-174.03964
1621523551643,150.25916,25.746952,-187.57622
1621523551672,166.15854,5.625,-189.58842
1621523551701,179.20732,-4.557927,-183.52135
1621523551703,182.46951,-4.512195,-178.2927
1621523551732,173.30794,-15.106708,-182.21037
1621523551761,160.19818,-23.521341,-193.99391
1621523551791,144.17683,-15.579268,-207.45427
1621523551791,133.30792,-1.9512196,-215.45732
1621523551822,120.53354,13.079268,-210.53354
1621523551822,99.10061,10.045732,-186.5244
1621523551852,71.814026,14.862805,-130.47256
1621523551882,45.70122,17.134148,-63.44512
1621523551911,16.493902,-3.6737807,-8.719512
1621523551912,-98.597565,33.368904,48.42988
1621523551939,-236.875,141.50916,39.664635
1621523551971,-244.35976,111.73781,-0.19817074
1621523551971,-136.02135,8.521341,67.393295
1621523552001,-8.75,-167.72867,142.1494
1621523552030,50.57927,4.085366,45.625
1621523552033,-18.887196,88.689026,23.963415
1621523552061,11.417684,14.29878,23.59756
1621523552091,6.9359756,29.649391,13.170732
1621523552093,6.631098,28.90244,8.82622
1621523552121,1.3567073,17.45427,7.1189027
1621523552150,-1.6920732,9.435976,5.365854
1621523552151,-2.2256098,4.222561,3.8262196
1621523552180,-3.1097562,4.4817076,4.420732
1621523552210,-4.405488,4.9542685,6.006098
1621523552211,-5.7317076,3.3689024,6.4939027
1621523552241,-6.753049,1.0823171,5.289634
1621523552272,-6.9512196,-0.18292683,3.6890244
1621523552273,-6.3414636,-1.9817073,2.8810976
1621523552301,-5.4573174,-3.3536587,3.3841465
1621523552330,-4.115854,-2.1189024,5.5945125
1621523552331,-3.3536587,0.30487806,7.9420733
1621523552360,-2.1646342,2.637195,9.496951
1621523552390,-0.83841467,4.4359756,10.228659
1621523552392,0.21341464,4.5884147,12.804878
1621523552423,0.4878049,5.7012196,17.103659
1621523552451,-0.28963414,7.012195,20.929878
1621523552451,-3.75,6.1890244,24.390244
1621523552482,-9.512196,1.6920732,25.259148
1621523552512,-19.80183,-6.2347565,26.32622
1621523552512,-43.765244,-17.195122,33.17073
1621523552541,-99.05488,-31.05183,57.621952
1621523552571,-172.05794,-45.457317,108.414635
1621523552571,-228.03354,-87.98781,129.81708
1621523552602,-343.17075,-132.01219,150.09146
1621523552631,-431.31097,-132.74391,197.59146
1621523552632,-349.7104,-47.469513,271.37195
1621523552661,-204.08537,8.841464,296.3872
1621523552691,-89.314026,48.932926,254.20732
1621523552693,-80.65549,113.52135,168.68903
1621523552722,-34.771343,99.5122,37.317074
1621523552751,117.33232,2.1646342,-89.60366
1621523552751,77.66769,83.96342,-122.85061
1621523552781,55.548782,91.34147,-133.35367
1621523552811,84.05488,46.143295,-162.05794
1621523552813,120.79269,27.30183,-187.19513
1621523552840,149.22256,39.237804,-202.28659
1621523552872,178.70427,41.40244,-211.15854
1621523552872,207.08842,28.841465,-217.60672
1621523552901,224.28354,16.615854,-217.54573
1621523552931,214.98476,24.009148,-217.83537
1621523552931,180.09146,36.905487,-240.83842
1621523552961,133.65854,46.09756,-280.60977
1621523552992,85.30488,22.088415,-317.16464
1621523552992,33.689026,-25.823172,-300.8384
1621523553022,-17.545732,9.603659,-185.57927
1621523553050,-34.893295,17.560976,-32.423782
1621523553051,-113.81098,29.45122,79.96951
1621523553080,-226.40245,160.41159,75.121956
1621523553111,-161.7683,-7.14939,107.164635
1621523553112,92.68293,-154.16159,99.63415
1621523553141,4.054878,94.67988,31.310976
1621523553170,11.493903,22.560976,18.734756
1621523553171,8.887196,-0.91463417,-0.12195122
1621523553200,-2.8810976,28.307928,5.609756
1621523553231,-1.417683,15.746952,3.0792685
1621523553233,-1.3719512,3.6432927,-1.8292683
1621523553263,-2.7134147,2.042683,-3.628049
1621523553291,-2.7591465,2.057927,-3.887195
1621523553293,-1.4939024,3.948171,-1.1585366
1621523553320,-0.38109756,6.3567076,2.1493902
1621523553350,-0.7621951,7.057927,2.7743902
1621523553352,-1.402439,5.8384147,1.4481708
1621523553383,-1.3871951,4.131098,0.36585367
1621523553411,-1.9969512,3.7957318,-0.39634147
1621523553414,-2.515244,4.268293,-0.22865854
1621523553442,-2.0731707,5.2134147,1.0060976
1621523553473,-1.2195122,5.7469516,2.042683
1621523553473,-1.0365853,6.128049,2.362805
1621523553501,-1.1737806,6.8445125,2.957317
1621523553531,-1.1585366,6.905488,3.2469513
1621523553531,-0.92987806,6.6615853,3.5060976
1621523553560,-0.25914633,6.7073174,4.771342
1621523553590,0.06097561,6.417683,6.021342
1621523553592,0.42682928,5.3201222,6.8445125
1621523553622,0.71646345,4.878049,7.14939
1621523553651,1.2957318,5.503049,8.307927
1621523553651,2.4085367,5.2439027,9.786586
1621523553681,2.5,4.1920733,11.234756
1621523553711,2.2408538,0.6402439,12.621951
1621523553711,2.027439,-5.27439,13.734756
1621523553740,1.7073171,-14.832317,12.637196
1621523553770,2.5,-21.905489,12.881098
1621523553771,-5.27439,-26.432928,17.02744
1621523553800,-63.62805,-19.161587,57.80488
1621523553830,-131.67683,-25.091463,98.56708
1621523553831,-189.11586,-59.939026,123.71951
1621523553862,-230.80794,-111.46342,150.22867
1621523553891,-309.23782,-99.23781,199.61891
1621523553893,-353.2927,-1.1890244,286.82928
1621523553922,-281.1433,128.27744,354.1311
1621523553951,-148.65854,175.67073,315.5488
1621523553953,-68.44512,153.55183,164.29878
1621523553982,-105.960365,47.088417,-64.34451
1621523554011,-50.42683,-4.1768293,-197.42378
1621523554014,-53.140244,30.015245,-188.5061
1621523554042,6.387195,24.237806,-176.17378
1621523554070,103.18598,4.72561,-183.62805
1621523554099,161.31097,15.0152445,-184.19208
1621523554101,187.34756,22.317074,-191.20427
1621523554130,192.53049,16.082317,-213.76524
1621523554160,182.36281,14.115854,-240.25916
1621523554161,173.2927,20.228659,-261.31097
1621523554192,172.82013,31.661587,-272.6372
1621523554222,174.55794,42.210365,-274.48172
1621523554223,177.45427,42.378048,-268.94818
1621523554252,165.86891,14.832317,-263.14026
1621523554281,120.73171,-21.387196,-234.19208
1621523554283,62.02744,12.14939,-130.82318
1621523554311,29.237806,43.185978,-1.4329269
1621523554340,-7.164634,-15.807927,51.935978
1621523554341,-106.96647,-66.82927,57.40854
1621523554369,-324.5122,128.2317,36.189026
1621523554400,-323.0488,185.28964,84.07012
1621523554401,-89.72561,-140.44208,208.3994
1621523554431,-5.655488,60.609756,72.24085
1621523554462,1.875,74.81708,23.689026
1621523554462,21.021341,-15.472561,5.792683
1621523554491,2.378049,19.085367,4.222561
1621523554523,-3.5670733,19.95427,4.085366
1621523554524,-1.1737806,3.5060976,2.3932927
1621523554551,-1.4939024,2.1493902,3.0182927
1621523554580,-2.4847562,3.2317073,2.1341465
1621523554580,-2.987805,3.0945122,0.5335366
1621523554610,-3.5975611,1.7530488,-0.79268295
1621523554640,-3.1554878,-0.030487806,-1.0365853
1621523554641,-1.9207318,-0.51829267,0.18292683
1621523554671,-1.5396342,1.0060976,1.1737806
1621523554701,-1.25,2.362805,1.7987806
1621523554701,-0.88414633,2.5914636,2.012195
1621523554730,-0.076219514,2.7743902,2.5304878
1621523554761,0.18292683,4.8170733,3.7957318
1621523554761,0.41158536,7.012195,5.1981707
1621523554790,0.73170733,8.262196,5.8384147
1621523554822,1.3262196,9.009147,6.8140244
1621523554823,1.9969512,9.588415,8.429878
1621523554851,1.9359757,9.222561,9.268292
1621523554881,1.7835367,8.064025,9.893293
1621523554883,1.5853659,6.25,10.89939
1621523554912,1.2347561,3.9786587,12.057927
1621523554941,0.16768293,-0.42682928,13.582317
1621523554943,-2.1189024,-10.579268,15.746952
1621523554971,-6.554878,-17.957317,23.27744
1621523555001,-22.896341,-20.640244,37.80488
1621523555003,-63.140244,-29.420732,68.551834
1621523555032,-128.44513,-39.512196,102.347565
1621523555062,-187.74391,-72.60671,117.22561
1621523555062,-258.65854,-99.54269,123.689026
1621523555091,-332.48477,-122.40854,128.36891
1621523555123,-351.2805,-111.20427,159.77135
1621523555123,-257.56097,-82.40854,192.71342
1621523555151,-134.49695,-59.832317,187.0122
1621523555181,-55.457317,-25.792683,158.26219
1621523555181,-54.268295,77.972565,114.893295
1621523555212,68.17073,49.100613,67.789635
1621523555241,148.00305,33.70427,26.05183
1621523555241,107.393295,85.10671,1.3567073
1621523555272,79.176834,68.93293,-50.670734
1621523555301,71.12805,39.161587,-118.551834
1621523555301,68.29269,36.661587,-166.75305
1621523555329,78.00305,43.628048,-197.95732
1621523555360,100.68598,45.457317,-216.69208
1621523555361,122.926834,41.463417,-219.74086
1621523555390,140.97562,34.512196,-211.6311
1621523555420,157.11891,36.09756,-203.32318
1621523555422,161.6311,49.25305,-199.00916
1621523555452,143.90244,64.5122,-200.18294
1621523555511,106.951225,72.835365,-207.30183
1621523555513,62.560978,49.466465,-212.48476
1621523555513,29.95427,-16.890244,-217.51524
1621523555541,-5.015244,-41.646343,-178.06403
1621523555542,-29.481709,-13.689025,-77.02744
1621523555572,-89.847565,27.42378,46.55488
1621523555601,-193.9177,136.70732,57.896343
1621523555604,-163.46037,102.17988,38.948174
1621523555632,-56.646343,-195.54878,96.64635
1621523555662,25.365854,-106.06708,63.65854
1621523555662,20.594513,-6.646342,-0.13719513
1621523555692,8.521341,2.652439,10.0152445
1621523555723,12.667684,16.707317,10.091464
1621523555723,5.045732,39.878048,19.29878
1621523555751,3.612805,27.37805,15.731708
1621523555781,2.2713416,17.408537,9.329268
1621523555781,1.0823171,14.618903,5.762195
1621523555811,0.0,11.844513,2.2865853
1621523555840,-0.5945122,10.060976,1.2347561
1621523555842,0.18292683,9.664635,2.6219513
1621523555871,1.2195122,9.847561,4.3140244
1621523555901,1.5396342,9.207317,4.3445125
1621523555902,1.9054879,8.39939,3.9939024
1621523555930,1.9054879,7.5609756,3.4756098
1621523555960,1.3871951,6.158537,2.515244
1621523555961,0.32012194,5.121951,1.0060976
1621523555991,-0.33536586,3.5518293,-0.19817074
1621523556021,-0.83841467,2.2256098,-1.1280488
1621523556023,-0.92987806,1.4329269,-1.2652439
1621523556051,-0.9603659,2.2408538,-0.51829267
1621523556081,-1.1737806,3.307927,0.21341464
1621523556083,-1.0823171,3.902439,0.99085367
1621523556112,-0.71646345,4.2987804,2.0884147
1621523556141,-0.41158536,4.375,2.9420733
1621523556143,0.21341464,4.893293,4.253049
1621523556171,1.0670732,6.646342,6.1890244
1621523556201,1.7073171,7.9115853,7.1951222
1621523556204,2.0884147,7.4847565,7.5609756
1621523556233,2.012195,7.5762196,8.429878
1621523556262,1.8902439,7.393293,9.618902
1621523556262,1.5091463,7.1036587,11.158537
1621523556292,0.39634147,5.0914636,12.103659
1621523556322,-0.79268295,0.6707317,12.743903
1621523556322,-1.8140244,0.38109756,13.429878
1621523556351,-2.8658538,1.3262196,11.52439
1621523556381,-3.0640244,-4.9542685,9.939025
1621523556411,-2.7896342,-10.289635,11.966464
1621523556413,-4.679878,-12.332317,16.844513
1621523556440,-15.320123,-16.75305,24.405489
1621523556470,-47.530487,-22.439024,42.423782
1621523556472,-104.893295,-36.55488,68.246956
1621523556502,-172.74391,-54.512196,93.39939
1621523556530,-244.39024,-56.173782,125.27439
1621523556532,-297.56097,-63.018295,165.21342
1621523556561,-316.64636,-3.1554878,226.53964
1621523556591,-246.47867,65.7622,279.46646
1621523556593,-131.06708,91.60061,274.3445
1621523556622,-90.53354,118.460365,214.61891
1621523556650,-62.637196,8.04878,59.100613
1621523556651,4.496951,-32.72866,-111.70732
1621523556680,-19.192074,44.405487,-152.21037
1621523556712,42.2561,-34.496952,-146.64635
1621523556712,122.45427,-80.70122,-144.375
1621523556740,153.24695,-70.54878,-156.92073
1621523556771,152.30183,-79.23781,-188.99391
1621523556771,138.49086,-88.10976,-216.60062
1621523556831,123.826225,-80.07622,-221.98172
1621523556832,110.3811,-76.08232,-215.54878
1621523556832,103.35366,-74.55793,-199.63416
1621523556862,114.14635,-61.295734,-158.56708
1621523556891,138.33842,-40.868904,-93.03354
1621523556891,134.61891,-17.515244,-22.85061
1621523556921,122.576225,8.429878,34.95427
1621523556952,115.39635,36.09756,52.911587
1621523556952,86.097565,22.942074,28.109756
1621523556982,15.655488,-10.609756,1.7073171
1621523557012,-37.637196,-25.655489,4.5731707
1621523557013,-41.859756,-24.146341,35.365856
1621523557040,-28.780489,-18.871952,72.51524
1621523557070,-24.085367,-6.0670733,86.326225
1621523557073,-27.804878,-5.8536587,77.210365
1621523557102,-23.109756,-14.253049,70.85366
1621523557130,-10.243902,-32.34756,68.44512
1621523557132,-8.231708,-53.292683,63.292683
1621523557162,-30.914635,-51.448174,51.082317
1621523557192,-14.10061,113.47561,-83.597565
1621523557192,382.45428,373.17075,-122.19512
1621523557222,244.43597,318.9177,-18.04878
1621523557251,-46.67683,144.96951,84.618904
1621523557251,14.039635,-80.54878,16.585365
1621523557280,8.262196,-66.12805,-11.17378
1621523557312,6.9512196,2.2865853,2.7439024
1621523557313,11.646341,8.47561,-2.7743902
1621523557340,7.4847565,-10.762196,-7.515244
1621523557370,9.817074,-10.0152445,1.3109757
1621523557371,8.567074,0.18292683,1.9817073
1621523557400,6.1737804,1.7378049,5.990854
1621523557431,4.771342,3.140244,9.146341
1621523557431,3.4146342,6.112805,9.496951
1621523557461,2.4542685,8.003049,10.670732
1621523557490,1.7073171,11.189025,13.231708
1621523557491,-0.06097561,12.987805,15.579268
1621523557520,-1.3567073,12.057927,18.658537
1621523557550,-2.667683,11.722561,22.65244
1621523557551,-7.042683,10.54878,26.79878
1621523557580,-16.478659,9.481708,33.17073
1621523557611,-26.310976,8.384147,39.939026
1621523557614,-45.625,-0.076219514,42.560978
1621523557642,-67.53049,-15.213415,42.012196
1621523557671,-93.23171,-26.615854,49.22256
1621523557673,-118.53659,-37.69817,57.698174
1621523557702,-136.03659,-48.917683,59.80183
1621523557731,-153.97867,-57.911587,58.765244
1621523557733,-173.03354,-68.20122,58.475613
1621523557760,-195.21342,-82.28659,57.97256
1621523557790,-223.33842,-89.69512,64.34451
1621523557794,-257.60672,-82.91159,80.45732
1621523557822,-267.85062,-65.32012,100.289635
1621523557851,-252.37805,-32.957317,112.439026
1621523557852,-156.81403,-26.432928,123.53659
1621523557882,-42.286587,2.7439024,156.05183
1621523557911,19.634148,32.332317,183.75
1621523557912,47.92683,27.042683,193.55183
1621523557941,86.12805,25.823172,200.92989
1621523557971,117.621956,6.1737804,195.01524
1621523557971,131.15854,-8.307927,181.50916
1621523558001,108.94817,-2.5,154.0244
1621523558031,69.54269,6.417683,8.597561
1621523558031,-21.905489,31.783537,-220.64024
1621523558062,-70.472565,18.62805,-280.0305
1621523558091,-11.875,-3.5365853,-242.8811
1621523558091,81.61585,10.259147,-186.81403
1621523558120,141.41768,9.695122,-158.88719
1621523558150,167.02744,-0.80792683,-176.26524
1621523558151,174.32927,-3.8414636,-206.93597
1621523558180,184.14635,-8.780488,-231.75305
1621523558241,208.0183,-1.3871951,-241.72256
1621523558242,242.31708,19.466463,-236.12805
1621523558242,275.30487,36.890244,-221.3872
1621523558270,300.3811,58.185978,-199.23781
1621523558271,297.57623,69.39024,-169.4817
1621523558302,229.84756,58.97866,-124.375
1621523558331,135.41159,7.9115853,-77.66769
1621523558331,25.990854,-12.637196,-16.844513
1621523558360,-56.890244,-1.2652439,45.060978
1621523558390,-109.939026,-18.978659,85.39635
1621523558391,-228.2927,64.893295,117.19512
1621523558421,-70.64024,-27.02744,202.3933
1621523558453,-94.34451,-87.972565,178.90245
1621523558453,-67.02744,94.085365,46.387196
1621523558481,27.469513,65.70122,42.530487
1621523558514,13.04878,38.932926,21.768293
1621523558514,3.8414636,23.780489,5.2439027
1621523558541,-1.1737806,10.960366,1.4939024
1621523558571,-1.9664634,6.2042685,-0.27439025
1621523558571,-3.902439,3.1554878,-2.7743902
1621523558601,-3.0792685,-0.16768293,-2.195122
1621523558632,-3.5975611,-1.4634147,-3.3993902
1621523558661,-3.4756098,-4.4359756,-4.3445125
1621523558663,-3.2012196,-4.9695125,-3.2012196
1621523558690,-2.6067073,-3.6432927,-1.4481708
1621523558720,-2.362805,-2.8963416,-0.99085367
1621523558720,-2.2713416,-3.3689024,-1.3414634
1621523558749,-1.2957318,-4.2073174,-0.27439025
1621523558780,-0.47256097,-2.1036587,2.4085367
1621523558781,-0.5487805,0.9603659,4.009146
1621523558810,0.16768293,2.1646342,4.878049
1621523558840,1.2804878,2.5762196,6.417683
1621523558840,1.9664634,4.8018293,8.628049
1621523558871,2.8506098,7.0884147,10.670732
1621523558901,3.4146342,7.8201222,11.783537
1621523558902,3.582317,7.545732,12.378049
1621523558931,3.887195,6.4786587,13.734756
1621523558961,4.268293,3.7347562,14.817074
1621523558961,4.527439,-0.6402439,15.503049
1621523558991,4.9390244,-4.3445125,15.487805
1621523559021,4.740854,-7.637195,14.954268
1621523559021,3.5975611,-11.79878,15.289635
1621523559051,-0.6402439,-19.542683,18.719513
1621523559081,-44.207317,-20.54878,45.625
1621523559081,-114.96951,-33.23171,99.25305
1621523559111,-167.22562,-66.55488,124.57317
1621523559141,-262.1189,-104.19208,127.926834
1621523559142,-374.2988,-142.8811,128.73476
1621523559172,-476.85977,-155.1677,180.59451
1621523559201,-398.41464,-95.685974,285.68597
1621523559203,-165.15244,-36.768295,319.66464
1621523559232,25.091463,-32.2561,261.92075
1621523559261,2.8963416,49.588417,199.92378
1621523559263,124.83232,-34.28354,118.2622
1621523559290,177.30183,-54.923782,35.609756
1621523559320,105.21342,23.490854,-20.731709
1621523559322,74.95427,10.442074,-101.28049
1621523559352,81.189026,-34.786587,-176.17378
1621523559381,94.801834,-45.27439,-218.2927
1621523559383,113.79573,-32.65244,-239.87805
1621523559412,143.41464,-19.405489,-253.42989
1621523559441,178.44513,-6.417683,-259.63416
1621523559441,203.10976,4.4359756,-255.03049
1621523559470,213.2317,15.121951,-242.5
1621523559501,220.1372,25.670732,-234.93903
1621523559501,224.2683,28.231709,-235.5183
1621523559531,225.1372,10.365854,-226.90549
1621523559561,215.5183,-20.564024,-185.70122
1621523559562,180.68597,-19.344513,-112.19512
1621523559591,132.45427,10.884147,-23.887196
1621523559621,42.97256,13.719513,41.844513
1621523559621,-64.435974,-60.0,53.048782
1621523559651,-233.8872,5.4420733,45.22866
1621523559681,-387.4238,199.03964,-34.009148
1621523559681,-282.57623,155.32013,155.30489
1621523559711,26.570122,-116.11281,213.67378
1621523559740,-33.292683,153.15549,53.810978
1621523559741,18.887196,16.844513,12.14939
1621523559772,19.512196,-8.368902,4.6951222
1621523559802,-4.1615853,24.390244,6.2042685
1621523559802,-0.86890244,7.7439027,5.5792685
1621523559831,-0.5792683,4.72561,6.737805
1621523559861,-1.1280488,3.902439,7.77439
1621523559863,-2.378049,4.9695125,5.762195
1621523559892,-3.4146342,4.4359756,3.765244
1621523559921,-2.7743902,0.6402439,2.5304878
1621523559923,-1.6768293,-0.73170733,3.1859758
1621523559951,-0.91463417,1.2957318,4.4817076
1621523559981,0.32012194,3.3536587,5.2286587
1621523559983,1.4329269,4.405488,5.97561
1621523560010,1.9054879,7.0731707,7.5762196
1621523560043,2.1036587,9.740854,9.496951
1621523560043,2.2865853,10.97561,10.579268
1621523560072,2.7439024,10.503049,10.472561
1621523560103,3.7195122,10.07622,11.722561
1621523560103,4.4817076,10.243902,13.871951
1621523560131,5.5640244,8.7652445,15.777439
1621523560161,6.7987804,5.5792685,17.45427
1621523560161,7.393293,0.6097561,18.109756
1621523560192,7.179878,-5.0762196,19.603659
1621523560220,4.009146,-10.213415,21.295732
1621523560221,-22.759148,-10.685976,37.713417
1621523560252,-80.32012,-16.72256,73.21647
1621523560281,-146.43294,-47.317074,113.993904
1621523560281,-223.67378,-81.57012,131.28049
1621523560311,-333.125,-118.07927,133.24695
1621523560340,-472.37805,-151.50916,161.6311
1621523560341,-499.49695,-150.88416,254.90854
1621523560370,-423.65854,-85.79269,352.6677
1621523560400,-157.0427,-59.95427,358.9177
1621523560402,6.3109756,-77.560974,267.2866
1621523560433,14.710366,-0.7621951,121.40244
1621523560461,194.8933,-63.70427,-29.375
1621523560463,171.84451,24.679878,-97.6372
1621523560492,128.5061,20.213415,-123.21647
1621523560520,161.6311,-45.57927,-179.29878
1621523560522,189.32927,-42.621952,-228.55183
1621523560551,214.43597,-20.57927,-260.28964
1621523560581,248.36891,-22.942074,-282.69818
1621523560583,266.7683,-18.932928,-284.2683
1621523560612,271.53964,3.6890244,-265.88416
1621523560643,273.20123,31.25,-256.23477
1621523560643,258.07928,56.646343,-273.20123
1621523560672,234.42073,14.740854,-307.3933
1621523560701,190.1067,-48.5061,-271.37195
1621523560701,111.539635,-8.643292,-96.371956
1621523560730,-13.353659,88.84147,111.25
1621523560760,-254.77135,161.69208,133.99391
1621523560762,-333.38416,112.48476,189.20732
1621523560792,47.621952,-151.55489,185.7622
1621523560821,-4.893293,119.48171,58.125
1621523560821,20.42683,22.759148,21.737806
1621523560852,11.463415,6.6920733,5.487805
1621523560882,-5.2134147,31.814026,11.356708
1621523560911,-1.8292683,12.286586,7.85061
1621523560913,-3.3384147,5.335366,4.3292685
1621523560940,-2.4847562,2.804878,5.182927
1621523560970,-2.5609756,2.3932927,3.902439
1621523560972,-2.179878,0.80792683,3.3689024
1621523561002,-1.6463414,-2.1493902,3.0640244
1621523561031,-1.8597561,-3.125,3.1554878
1621523561031,-2.362805,-2.7896342,2.515244
1621523561060,-2.7134147,-2.1646342,2.042683
1621523561093,-2.1036587,-0.7621951,3.2317073
1621523561093,-0.9756098,2.210366,5.7469516
1621523561122,-0.15243903,6.0518293,7.789634
1621523561151,0.36585367,7.8201222,8.917684
1621523561151,0.83841467,7.9420733,10.045732
1621523561182,1.8902439,8.643292,13.20122
1621523561212,3.0487804,7.9268293,16.570122
1621523561241,4.1463413,4.8323174,18.185976
1621523561241,3.2164636,1.1890244,19.024391
1621523561270,2.362805,-2.698171,20.47256
1621523561271,-2.195122,-8.795732,23.59756
1621523561301,-34.05488,-2.2408538,45.625
1621523561331,-84.54269,-5.503049,72.95732
1621523561331,-139.00916,-35.167683,104.801834
1621523561362,-197.54573,-73.30793,120.35061
1621523561391,-296.23477,-114.939026,129.22256
1621523561391,-436.32623,-134.61891,176.81403
1621523561422,-466.95123,-88.460365,278.46036
1621523561451,-343.4299,-6.890244,356.75305
1621523561453,-147.65244,40.0,354.14636
1621523561482,-12.439025,27.30183,270.97562
1621523561511,8.719512,11.448171,113.30793
1621523561513,181.64635,-114.48171,-53.414635
1621523561541,134.29878,1.1432927,-116.21951
1621523561571,91.21951,7.393293,-132.1494
1621523561573,137.24086,-73.018295,-178.62805
1621523561602,176.875,-83.03354,-216.66159
1621523561633,197.37805,-55.868904,-233.70427
1621523561633,226.69208,-60.365856,-242.07318
1621523561662,251.96648,-72.66769,-244.07013
1621523561694,261.2805,-59.817074,-242.48476
1621523561694,250.28964,-20.945122,-248.14024
1621523561720,218.27745,25.609756,-267.30185
1621523561750,168.94818,39.344513,-300.96036
1621523561751,135.2744,-1.0518293,-285.19818
1621523561781,111.15854,24.359756,-150.91464
1621523561811,83.53659,79.92378,51.143295
1621523561811,-54.84756,55.289635,171.03659
1621523561842,-238.35367,112.54573,93.064026
1621523561871,-300.8689,232.45427,43.338417
1621523561871,-67.77439,-138.32318,167.54573
1621523561901,36.082317,24.146341,104.29878
1621523561931,-5.929878,88.30793,23.00305
1621523561931,30.57927,-11.32622,8.155488
1621523561960,1.875,15.685976,5.365854
1621523561991,-1.6615855,22.57622,9.847561
1621523561994,1.1128049,6.6615853,4.0701222
1621523562022,0.47256097,1.1128049,3.1554878
1621523562051,-0.10670732,1.5091463,4.634146
1621523562052,-1.2804878,1.2957318,3.445122
1621523562081,-2.057927,0.71646345,3.0792685
1621523562111,-2.2256098,0.06097561,2.698171
1621523562113,-2.3018293,-0.18292683,1.8445122
1621523562142,-2.1341465,-0.5640244,0.86890244
1621523562172,-1.7378049,-0.7012195,0.5335366
1621523562172,-1.0670732,0.25914633,1.2347561
1621523562202,-0.22865854,1.402439,1.9359757
1621523562231,0.36585367,2.698171,2.698171
1621523562231,0.92987806,4.1768293,3.7804878
1621523562260,0.99085367,4.984756,4.405488
1621523562294,1.1432927,4.908537,5.304878
1621523562294,1.6920732,4.131098,6.60061
1621523562321,2.0884147,4.10061,7.9725614
1621523562351,2.3018293,5.1067076,8.734756
1621523562351,2.4847562,5.8536587,9.192074
1621523562381,3.0487804,4.6951222,9.527439
1621523562411,2.9268293,2.8506098,10.030488
1621523562412,3.292683,1.7682927,12.057927
1621523562441,4.1920733,-0.83841467,13.612805
1621523562501,4.222561,-5.9451222,14.405488
1621523562501,3.5975611,-10.777439,18.536585
1621523562502,-2.2560976,-9.679878,24.984756
1621523562530,-32.40854,-7.7591467,40.213417
1621523562531,-71.722565,-18.536585,60.03049
1621523562561,-117.28659,-41.021343,84.07012
1621523562592,-172.95732,-65.80793,95.564026
1621523562621,-236.12805,-95.7622,98.414635
1621523562622,-324.1311,-105.960365,121.097565
1621523562651,-390.56403,-97.95732,176.3567
1621523562653,-319.5427,-55.80793,240.47256
1621523562681,-199.58842,-29.542685,260.94513
1621523562711,-61.036587,-32.088417,242.78964
1621523562713,25.07622,-37.286587,200.57927
1621523562743,71.25,-15.457317,112.46951
1621523562771,213.2317,-99.69512,30.411587
1621523562773,202.27135,-37.667683,-40.457317
1621523562802,150.2744,-24.771341,-81.40244
1621523562833,151.05183,-79.496956,-123.21647
1621523562833,169.69513,-105.27439,-158.96342
1621523562862,180.1677,-97.301834,-177.78964
1621523562894,199.23781,-98.23171,-183.58232
1621523562894,230.10672,-103.62805,-179.58842
1621523562921,245.39635,-88.09451,-169.66464
1621523562951,226.40245,-72.86585,-166.7683
1621523562951,183.125,-70.94512,-176.38719
1621523562980,147.19513,-81.15854,-176.72256
1621523563010,137.1494,-94.02439,-136.49391
1621523563012,134.90854,-65.518295,-43.140244
1621523563042,94.28354,-3.125,62.621952
1621523563071,-32.134148,90.64024,125.54878
1621523563071,-155.47256,178.82622,21.95122
1621523563101,-160.65549,345.09146,0.85365856
1621523563130,101.61585,32.759148,158.5061
1621523563131,27.179878,11.448171,53.90244
1621523563160,13.856708,1.4786586,10.54878
1621523563190,13.841464,-5.518293,7.4695125
1621523563192,2.5,11.79878,6.417683
1621523563222,1.8445122,15.838415,8.414635
1621523563250,3.1707318,6.8292685,4.405488
1621523563283,2.5,3.5365853,4.512195
1621523563283,1.7835367,5.167683,6.3109756
1621523563311,0.32012194,4.72561,4.527439
1621523563341,-0.79268295,4.0701222,3.7347562
1621523563341,-1.4481708,3.3993902,3.0335367
1621523563371,-1.6463414,1.9054879,2.195122
1621523563402,-1.9359757,0.92987806,1.1280488
1621523563402,-2.012195,0.73170733,0.5640244
1621523563432,-1.7682927,1.0518293,0.44207317
1621523563461,-1.5548781,1.9359757,0.79268295
1621523563461,-1.1890244,2.4237804,1.25
1621523563490,-0.80792683,2.5914636,1.7378049
1621523563520,-0.5487805,3.7195122,2.7134147
1621523563521,-0.15243903,4.6189027,3.8109758
1621523563550,0.09146342,4.740854,4.908537
1621523563581,0.27439025,4.72561,5.914634
1621523563581,0.19817074,4.4664636,6.7073174
1621523563610,1.1585366,4.02439,8.094512
1621523563641,2.012195,2.4237804,9.679878
1621523563642,1.2804878,-0.9756098,10.35061
1621523563672,0.22865854,-2.4237804,11.25
1621523563700,-0.51829267,-0.6707317,10.182927
1621523563702,0.19817074,-2.804878,7.881098
1621523563730,1.0823171,-6.006098,7.881098
1621523563759,2.682927,-8.810976,10.411586
1621523563761,4.283537,-9.832317,14.45122
1621523563790,4.542683,-9.92378,17.65244
1621523563821,-5.5487804,-12.789635,26.844513
1621523563821,-24.207317,-13.810976,42.14939
1621523563849,-37.72866,-10.121951,52.30183
1621523563881,-50.89939,-23.734756,59.634148
1621523563881,-71.189026,-39.862804,56.40244
1621523563911,-83.460365,-62.225613,55.868904
1621523563939,-89.496956,-82.98781,64.54269
1621523563940,-84.29878,-87.301834,74.375
1621523563970,-53.643295,-76.35671,86.722565
1621523564000,-8.20122,-64.95427,95.48781
1621523564001,16.448172,-56.875,99.78659
1621523564031,49.05488,-53.536587,100.472565
1621523564060,79.268295,-32.317074,110.50305
1621523564061,107.118904,-20.487804,99.69512
1621523564091,117.71342,-9.557927,63.871952
1621523564120,96.84451,-1.570122,28.04878
1621523564121,70.65549,-11.021341,-9.359756
1621523564150,51.448174,-22.545732,-46.585365
1621523564179,41.173782,-19.054878,-74.90854
1621523564181,39.435978,-10.579268,-92.48476
1621523564210,42.850613,-6.9817076,-100.85366
1621523564239,48.109756,-4.2987804,-101.84451
1621523564241,53.262196,0.5487805,-97.65244
1621523564270,56.72256,7.667683,-88.79573
1621523564301,59.435978,14.314025,-74.375
1621523564302,64.29878,15.731708,-57.088417
1621523564330,70.44208,12.759147,-40.548782
1621523564359,71.98171,11.051829,-23.140244
1621523564361,68.14024,6.2042685,-5.8841467
1621523564390,62.439026,-1.7378049,6.875
1621523564421,58.03354,-5.640244,12.957317
1621523564421,53.521343,-5.777439,14.969513
1621523564450,46.814026,-6.875,15.518293
1621523564481,39.67988,-11.814025,13.429878
1621523564481,32.02744,-15.182927,9.02439
1621523564510,22.5,-14.801829,4.390244
1621523564539,13.917684,-15.625,1.5396342
1621523564540,9.512196,-15.121951,-0.27439025
1621523564570,4.268293,-12.179878,0.15243903
1621523564601,-26.036587,-0.18292683,10.990854
1621523564601,-121.35671,97.82012,15.396342
1621523564630,-147.89635,96.43293,39.28354
1621523564659,5.7164636,-4.1615853,84.60366
1621523564660,0.85365856,58.93293,35.716465
1621523564691,-6.585366,37.621952,12.820123
1621523564720,39.84756,-14.908537,13.82622
1621523564721,8.368902,3.7042685,-1.3414634
1621523564750,-1.2652439,17.621952,2.987805
1621523564780,1.875,8.67378,1.9207318
1621523564781,1.3567073,5.289634,-0.076219514
1621523564810,0.4878049,4.10061,0.076219514
1621523564839,0.32012194,-0.47256097,-2.1646342
1621523564842,0.42682928,-3.277439,-2.179878
1621523564870,0.6859756,-0.80792683,1.722561
1621523564900,0.77743906,0.80792683,2.9420733
1621523564902,0.7012195,0.10670732,2.1189024
1621523564930,0.80792683,-0.24390244,1.875
1621523564961,1.2957318,0.19817074,2.682927
1621523564961,1.5853659,1.2804878,3.5975611
1621523564990,1.8597561,2.820122,4.527439
1621523565020,1.8902439,4.3445125,5.335366
1621523565021,1.8902439,5.533537,6.1890244
1621523565049,2.1646342,5.9451222,7.1341467
1621523565082,2.637195,5.792683,7.7591467
1621523565082,3.1554878,5.7164636,8.978659
1621523565110,3.612805,5.518293,10.259147
1621523565139,3.9634147,4.3445125,11.158537
1621523565140,4.1463413,2.5,11.585366
1621523565170,4.496951,-0.36585367,12.103659
1621523565199,4.771342,-5.381098,13.323171
1621523565201,4.4664636,-15.381098,13.734756
1621523565230,2.2713416,-36.95122,12.743903
1621523565260,-44.90854,-37.332317,46.67683
1621523565261,-125.80793,-38.292683,109.039635
1621523565290,-183.61281,-87.301834,115.35061
1621523565320,-276.55487,-146.32622,103.23171
1621523565321,-397.7744,-162.82013,119.77135
1621523565351,-436.44818,-137.95732,175.60976
1621523565380,-292.51526,-72.439026,230.50305
1621523565380,-117.42378,-24.893293,224.98476
1621523565410,-47.621952,15.762196,189.46646
1621523565439,-55.53354,111.26524,141.21951
1621523565442,86.006096,41.875,87.31708
1621523565470,192.72867,-14.45122,37.57622
1621523565500,149.05489,61.935978,9.603659
1621523565502,119.25305,73.30793,-38.65854
1621523565530,111.539635,48.795734,-102.08842
1621523565559,110.88415,19.740854,-148.70427
1621523565590,106.41769,15.853659,-173.10976
1621523565591,111.676834,19.634148,-189.42073
1621523565621,127.72866,17.210367,-202.71342
1621523565650,142.8811,13.292684,-209.72562
1621523565651,150.25916,17.5,-211.29573
1621523565681,144.55794,25.609756,-216.55489
1621523565710,127.10366,26.79878,-227.74391
1621523565711,104.46647,45.548782,-230.28964
1621523565739,89.90854,64.16159,-219.49696
1621523565770,82.91159,57.2561,-195.5183
1621523565771,45.868904,36.60061,-133.38416
1621523565800,-54.314026,33.719513,-29.039635
1621523565829,-164.58842,17.759148,19.588415
1621523565831,-285.0305,61.417683,7.9115853
1621523565860,-187.83537,-17.484756,43.262196
1621523565890,74.00915,-173.9177,87.59147
1621523565893,53.44512,-24.87805,12.057927
1621523565920,-4.02439,32.14939,9.085366
1621523565950,15.27439,6.265244,11.539635
1621523565950,7.637195,36.40244,21.737806
1621523565980,7.3170733,38.094513,26.067074
1621523566010,4.64939,24.679878,14.283537
1621523566011,2.332317,15.54878,6.890244
1621523566040,0.04573171,9.878049,2.652439
1621523566071,-0.21341464,7.652439,3.0487804
1621523566071,0.32012194,6.0670733,4.237805
1621523566100,0.15243903,4.908537,3.8109758
1621523566130,-0.6402439,3.8262196,2.652439
1621523566130,-1.5243902,1.7073171,0.18292683
1621523566161,-1.7987806,0.09146342,-1.0518293
1621523566189,-1.402439,0.77743906,0.15243903
1621523566191,-0.99085367,2.2256098,1.9359757
1621523566221,-0.77743906,2.987805,3.1859758
1621523566251,-0.27439025,4.1615853,5.8231707
1621523566251,0.15243903,5.35061,8.064025
1621523566282,0.41158536,5.2134147,9.573171
1621523566311,1.0213414,3.75,11.295732
1621523566311,2.4085367,1.2804878,12.789635
1621523566342,2.6067073,-0.5792683,14.329268
1621523566372,1.8292683,-3.0792685,15.685976
1621523566372,0.625,-6.615854,16.67683
1621523566402,-4.771342,-14.039635,20.030489
1621523566431,-24.557928,-19.756098,36.47866
1621523566433,-71.55488,-14.085366,66.73781
1621523566460,-133.17073,-21.631098,94.98476
1621523566490,-190.28964,-54.832317,118.368904
1621523566493,-248.07927,-100.99085,135.82318
1621523566521,-330.10672,-72.45427,199.32927
1621523566551,-354.84756,51.966465,273.81097
1621523566553,-236.875,141.25,293.2927
1621523566582,-109.11586,199.71037,234.45122
1621523566613,-138.24695,217.19513,112.19512
1621523566613,-70.746956,66.66159,-54.80183
1621523566642,-9.603659,45.457317,-144.22256
1621523566670,-39.984756,118.84147,-141.29573
1621523566671,16.966463,86.097565,-149.57318
1621523566700,89.20732,52.682926,-158.47562
1621523566729,125.03049,62.40854,-156.09756
1621523566731,150.44208,57.423782,-161.21951
1621523566762,168.0183,39.618904,-177.05794
1621523566791,169.08537,28.307928,-197.08842
1621523566793,157.1494,24.009148,-221.58537
1621523566822,136.96646,26.036587,-250.65549
1621523566851,112.27135,34.84756,-281.89026
1621523566851,92.743904,30.77744,-309.52744
1621523566881,65.54878,18.368902,-324.11588
1621523566912,17.286585,-90.82317,-317.5
1621523566912,-35.10671,-113.62805,-210.97562
1621523566942,-14.786586,-34.039635,-56.966465
1621523566970,5.8536587,-36.463417,40.457317
1621523566971,-56.189026,-66.52439,79.35976
1621523567001,-167.65244,-55.518295,63.490856
1621523567031,-334.02438,120.94512,-4.557927
1621523567032,-66.69208,238.55183,111.20427
1621523567062,123.56708,53.90244,122.59147
1621523567091,0.7469512,29.268293,14.527439
1621523567092,5.0914636,-10.106708,-6.021342
1621523567121,4.115854,14.878049,4.3292685
1621523567151,2.667683,20.57927,10.6402445
1621523567153,-1.0518293,4.054878,1.3719512
1621523567180,-1.2347561,-3.75,3.0792685
1621523567212,-0.33536586,-2.5914636,7.027439
1621523567212,-1.6158537,-0.77743906,6.2347565
1621523567242,-1.6463414,-0.77743906,6.585366
1621523567273,-1.2957318,-0.8993903,6.7987804
1621523567273,-2.042683,-1.5091463,4.8323174
1621523567301,-2.652439,-2.195122,3.2164636
1621523567331,-2.0731707,-0.99085367,4.0701222
1621523567331,-1.5853659,1.0670732,4.6189027
1621523567361,-1.097561,3.8567073,4.72561
1621523567391,-0.5640244,7.22561,5.8231707
1621523567392,-0.10670732,8.993902,6.6920733
1621523567423,0.0,9.039635,6.9817076
1621523567451,0.36585367,9.695122,7.789634
1621523567451,0.5640244,9.984756,7.362805
1621523567482,1.0365853,8.887196,7.5
1621523567511,1.1585366,7.164634,8.109756
1621523567512,1.4786586,4.268293,9.009147
1621523567542,2.2408538,-0.9603659,9.542684
1621523567571,3.0640244,-5.5640244,10.6402445
1621523567571,4.1768293,-9.192074,14.161586
1621523567602,3.75,-11.570122,19.390244
1621523567631,-7.896342,-14.679878,30.914635
1621523567633,-47.865856,-8.917684,63.140244
1621523567662,-90.914635,0.6707317,93.39939
1621523567691,-126.93598,-35.89939,95.85366
1621523567691,-179.25305,-57.05793,98.79573
1621523567720,-223.00305,-72.31708,107.85061
1621523567750,-266.40244,-49.87805,151.0061
1621523567780,-275.25916,37.911587,210.7927
1621523567781,-219.57318,103.52135,260.77744
1621523567812,-141.26524,99.375,278.125
1621523567841,-111.326225,212.6677,251.0061
1621523567841,-68.21647,142.08842,124.10062
1621523567872,67.69817,-48.262196,-47.621952
1621523567901,97.72866,-20.518293,-117.37805
1621523567901,37.118904,49.67988,-109.222565
1621523567930,62.10366,-1.0060976,-120.44208
1621523567960,108.75,-44.725613,-138.2317
1621523567962,124.00915,-38.384148,-145.5183
1621523567992,126.98171,-42.92683,-152.30183
1621523568021,129.0244,-65.32012,-164.14635
1621523568023,129.07013,-73.35366,-179.61891
1621523568052,120.960365,-52.911587,-193.56708
1621523568081,107.210365,-29.817074,-203.61281
1621523568083,92.33232,-31.082317,-213.18597
1621523568111,83.65854,-34.237804,-218.52135
1621523568141,82.69817,-22.42378,-216.96646
1621523568143,89.98476,-11.676829,-207.22562
1621523568172,93.597565,-27.088415,-181.38719
1621523568201,89.28354,-25.716463,-117.59147
1621523568201,87.24085,-7.896342,-38.567074
1621523568230,80.10671,-18.414635,15.54878
1621523568263,43.170734,-49.67988,39.878048
1621523568263,-18.658537,-37.118904,44.618904
1621523568291,-64.52744,-9.054878,38.90244
1621523568321,-130.04573,32.17988,44.085365
1621523568321,-197.71342,128.52135,3.8414636
1621523568351,-185.22867,116.6311,-12.332317
1621523568381,-13.887196,125.64024,95.16769
1621523568381,57.45427,35.838417,87.71342
1621523568410,-10.396341,46.768295,12.012196
1621523568440,24.146341,5.89939,16.17378
1621523568442,1.6615855,16.646341,4.893293
1621523568471,-4.3140244,28.033537,5.167683
1621523568501,0.7621951,18.963415,6.615854
1621523568502,2.317073,8.185976,4.5731707
1621523568531,1.6768293,5.27439,4.1615853
1621523568561,2.3932927,7.8353662,5.990854
1621523568561,1.7682927,8.094512,6.417683
1621523568592,1.3719512,5.990854,7.240854
1621523568621,1.1280488,4.740854,7.4390244
1621523568623,0.88414633,3.2317073,6.3719516
1621523568652,1.402439,1.5091463,5.8841467
1621523568681,1.9969512,0.88414633,7.378049
1621523568683,2.6219513,1.8902439,9.344512
1621523568741,3.0487804,2.7286587,10.060976
1621523568741,3.5213416,2.4695122,11.051829
1621523568744,4.4664636,1.6768293,13.064025
1621523568772,5.1067076,-0.5640244,14.939025
1621523568801,6.0518293,-2.7286587,16.189024
1621523568803,8.04878,-3.2317073,17.317074
1621523568832,7.7439027,-4.253049,17.210367
1621523568862,6.158537,-6.615854,17.317074
1621523568862,-5.8841467,-3.2164636,27.362806
1621523568891,-33.384148,10.396341,50.53354
1621523568920,-60.045734,10.853659,64.710365
1621523568921,-92.59147,-22.37805,74.48171
1621523568949,-162.65244,-56.448174,98.125
1621523568981,-255.7622,-90.16769,126.89024
1621523568982,-356.875,-116.75305,160.76219
1621523569012,-408.23172,-51.05183,225.30489
1621523569041,-304.1311,40.42683,285.22867
1621523569041,-95.22866,73.42988,271.26526
1621523569072,36.493904,67.42378,205.1372
1621523569101,54.817074,50.792683,163.75
1621523569102,188.21646,-115.746956,106.768295
1621523569130,99.39024,-2.6067073,-10.167684
1621523569161,26.112806,-17.606709,-125.82317
1621523569161,38.521343,-95.685974,-207.11891
1621523569191,53.963417,-90.92988,-239.63416
1621523569221,83.018295,-67.05793,-243.96342
1621523569223,124.23781,-58.20122,-234.10062
1621523569251,162.19513,-36.98171,-210.97562
1621523569281,204.4817,-18.780489,-178.81097
1621523569283,247.19513,-9.176829,-144.92378
1621523569312,277.4238,0.18292683,-125.335365
1621523569341,290.8689,6.0518293,-115.15244
1621523569343,270.60977,-2.2408538,-89.58842
1621523569372,204.84756,-39.7561,-53.42988
1621523569403,134.375,-83.643295,-18.47561
1621523569404,76.73781,-47.942074,22.881098
1621523569430,24.039635,5.929878,55.335365
1621523569462,-69.375,-4.375,96.20427
1621523569462,-31.844513,-209.31403,131.20427
1621523569490,-112.91159,253.68903,161.64635
1621523569520,8.445122,269.74084,217.75916
1621523569521,98.94817,51.12805,124.939026
1621523569550,-6.128049,113.2622,39.588417
1621523569580,10.335366,31.12805,18.20122
1621523569581,15.198171,-20.442074,0.4878049
1621523569612,4.8323174,-17.256098,3.75
1621523569641,2.317073,-7.682927,6.1890244
1621523569641,0.8231707,-5.289634,6.4634147
1621523569672,-0.47256097,-0.13719513,8.384147
1621523569702,-1.402439,3.7347562,7.652439
1621523569703,-2.195122,3.932927,7.271342
1621523569732,-2.6219513,3.2317073,6.737805
1621523569762,-2.2713416,1.6310976,6.2195125
1621523569762,-1.5853659,-1.6463414,4.054878
1621523569792,-0.86890244,-5.0914636,1.5396342
1621523569821,-0.24390244,-6.143293,1.2957318
1621523569823,0.19817074,-6.006098,1.7530488
1621523569851,0.27439025,-4.878049,2.2560976
1621523569881,0.6707317,-1.9664634,4.878049
1621523569883,0.36585367,1.5548781,7.77439
1621523569911,-0.21341464,4.420732,8.338415
1621523569940,-0.15243903,5.625,8.780488
1621523569942,-0.15243903,5.4115853,10.365854
1621523569972,0.38109756,5.167683,11.387196
1621523570003,0.6859756,5.472561,12.393293
1621523570004,0.92987806,6.25,13.551829
1621523570032,0.80792683,6.905488,13.993903
1621523570062,0.44207317,7.3475614,14.847561
1621523570091,-0.99085367,5.045732,15.472561
1621523570092,-3.2469513,3.0335367,16.783537
1621523570120,-5.182927,1.6006098,15.853659
1621523570181,-5.030488,-3.4146342,12.759147
1621523570182,-5.5487804,-8.292683,12.012196
1621523570185,-7.4542685,-13.246951,12.378049
1621523570186,-13.262196,-18.445122,16.189024
1621523570212,-20.884148,-24.466463,30.381098
1621523570242,-22.65244,-37.57622,59.893295
1621523570271,-40.167683,-52.134148,94.64939
1621523570273,-74.10061,-40.045734,126.11281
1621523570302,-80.45732,-33.460365,123.67378
1621523570331,-82.347565,-65.60976,128.07927
1621523570333,-71.189026,-43.948174,132.94208
1621523570362,-80.335365,6.4786587,149.05489
1621523570391,-66.097565,-22.103659,158.06403
1621523570394,-24.634148,-33.689026,156.875
1621523570422,-8.521341,13.292684,160.80794
1621523570453,13.170732,35.259148,150.41159
1621523570453,41.692074,8.094512,123.76524
1621523570481,98.125,-55.060978,56.189026
1621523570510,76.44817,-65.472565,-45.137196
1621523570512,-17.134148,-25.914635,-106.52439
1621523570541,-14.954268,-35.97561,-146.0061
1621523570571,30.091465,-71.21951,-158.82622
1621523570571,63.35366,-84.58842,-150.59451
1621523570603,84.5122,-84.52744,-134.78659
1621523570631,100.92988,-82.13415,-124.48171
1621523570631,112.33232,-70.685974,-121.40244
1621523570660,115.25915,-47.02744,-124.618904
1621523570691,110.45732,-19.496952,-130.5183
1621523570692,101.57012,5.89939,-137.33232
1621523570722,86.82927,25.823172,-142.02744
1621523570751,57.60671,46.295734,-141.3567
1621523570751,23.018293,52.073174,-135.44208
1621523570780,-7.9115853,38.246952,-117.118904
1621523570809,-45.655487,29.573172,-68.62805
1621523570890,-120.97561,24.87805,17.560976
1621523570890,-153.26219,-5.5487804,61.55488
1621523570890,-142.36281,55.411587,43.27744
1621523570890,10.6402445,122.42378,47.987804
1621523570901,109.085365,-45.548782,70.79269
1621523570930,13.064025,45.762196,28.658537
1621523570931,14.070123,25.396341,13.445123
1621523570960,16.356709,11.935976,5.030488
1621523570990,4.390244,20.335367,2.820122
1621523570991,2.7134147,18.018293,5.2286587
1621523571020,3.5213416,11.692074,5.167683
1621523571051,1.7530488,7.667683,3.1707318
1621523571051,0.45731708,6.9969516,1.4634147
1621523571080,-0.5640244,6.3719516,0.99085367
1621523571109,-0.92987806,4.984756,0.73170733
1621523571110,-1.1737806,3.3993902,0.91463417
1621523571139,-1.1737806,3.4908538,1.8902439
1621523571169,-1.3414634,4.02439,2.2560976
1621523571170,-2.1341465,2.7591465,0.8231707
1621523571200,-2.7743902,0.7621951,-0.6097561
1621523571229,-2.9115853,0.5335366,-0.6097561
1621523571230,-2.835366,1.0518293,0.076219514
1621523571260,-2.652439,1.4634147,0.5487805
1621523571289,-2.682927,1.7987806,0.71646345
1621523571290,-2.4085367,2.5609756,1.2957318
1621523571319,-1.9054879,4.527439,2.7896342
1621523571349,-1.3262196,6.3414636,4.2987804
1621523571351,-1.1890244,7.5914636,5.304878
1621523571379,-1.4634147,8.262196,6.021342
1621523571409,-1.4786586,7.987805,6.5701222
1621523571412,-1.3567073,7.4847565,7.3018293
1621523571440,-1.4939024,7.515244,7.804878
1621523571469,-1.5396342,7.9115853,8.75
1621523571470,-1.2347561,7.3018293,9.954268
1621523571501,-0.92987806,6.006098,10.716464
1621523571530,-0.7012195,4.8170733,11.60061
1621523571531,-0.41158536,2.5762196,12.057927
1621523571559,0.38109756,-0.27439025,12.240854
1621523571589,1.097561,-5.35061,12.408537
1621523571590,-5.0762196,-11.60061,15.838415
1621523571619,-23.262196,-3.445122,37.271343
1621523571651,-33.780487,1.6615855,55.060978
1621523571651,-33.125,-31.143293,46.78354
1621523571679,-95.335365,-27.560976,72.82012
1621523571709,-158.44513,-37.088417,97.439026
1621523571710,-188.38416,-91.06708,101.722565
1621523571740,-244.5427,-104.10061,144.23781
1621523571769,-279.2988,-55.625,205.70122
1621523571770,-244.25305,20.411587,266.05185
1621523571800,-164.5427,116.3872,304.14636
1621523571829,-71.61585,152.86586,274.48172
1621523571830,-47.545734,105.82317,151.99695
1621523571861,-10.472561,3.7195122,-10.89939
1621523571889,34.359756,-29.024391,-105.0
1621523571891,-20.060976,34.771343,-118.643295
1621523571920,-7.042683,19.192074,-133.84146
1621523571950,45.868904,-22.774391,-151.46342
1621523571951,79.14635,-26.371952,-155.1067
1621523571980,99.55793,-20.564024,-155.83842
1621523572011,118.44512,-30.990854,-163.2317
1621523572011,134.375,-41.905487,-177.54573
1621523572040,144.39024,-42.210365,-192.53049
1621523572070,150.71646,-30.57927,-202.89635
1621523572071,157.0427,-16.234756,-205.67073
1621523572100,157.01219,-12.5,-201.84451
1621523572129,146.73781,-14.435976,-197.69818
1621523572131,130.80792,-10.762196,-198.2317
1621523572160,112.926834,-1.7835367,-199.4817
1621523572189,87.164635,5.2439027,-176.95122
1621523572191,58.00305,19.969513,-113.58232
1621523572220,40.625,29.085367,-34.664635
1621523572251,1.2195122,-1.417683,31.783537
1621523572251,-92.08842,-23.170732,79.314026
1621523572280,-230.07622,113.90244,59.55793
1621523572309,-252.83537,92.37805,42.850613
1621523572310,-25.411587,6.1737804,104.664635
1621523572340,26.615854,9.283537,106.06708
1621523572370,-15.411586,58.582317,12.271341
1621523572401,-6.5091467,5.0609756,12.393293
1621523572402,-1.402439,12.210366,4.5731707
1621523572430,-4.72561,36.387196,10.060976
1621523572460,-3.4146342,22.789635,11.006098
1621523572461,-3.9786587,6.2042685,2.8506098
1621523572490,-4.496951,2.179878,2.7286587
1621523572519,-4.4664636,4.64939,4.054878
1621523572520,-5.137195,2.8658538,3.2164636
1621523572550,-5.7469516,0.18292683,2.7591465
1621523572580,-5.533537,-0.71646345,2.6067073
1621523572581,-5.121951,-1.3719512,1.4939024
1621523572610,-4.5884147,-1.2652439,1.4329269
1621523572641,-4.085366,0.030487806,2.8658538
1621523572642,-3.7042685,2.6067073,4.542683
1621523572670,-3.0335367,5.518293,6.0670733
1621523572700,-2.5914636,7.789634,7.4390244
1621523572701,-1.9207318,9.02439,8.887196
1621523572730,-1.7073171,9.420732,9.740854
1621523572759,-1.6920732,8.185976,10.396341
1621523572761,-1.5853659,5.5945125,12.088415
1621523572790,-0.6402439,1.9054879,14.268293
1621523572820,0.5792683,-2.362805,15.655488
1621523572821,2.042683,-8.689025,16.219513
1621523572850,0.85365856,-14.72561,17.606709
1621523572880,-5.4573174,-20.106709,23.612806
1621523572881,-20.868902,-24.862806,35.121952
1621523572910,-52.02744,-37.088417,48.00305
1621523572939,-113.70427,-52.012196,73.506096
1621523572941,-201.02135,-54.009148,119.29878
1621523572970,-266.11282,-99.40549,135.16768
1621523573000,-311.06708,-150.18294,160.7317
1621523573001,-428.87195,-110.30488,226.85976
1621523573030,-416.23477,25.945122,302.89636
1621523573060,-113.52135,56.75305,329.2683
1621523573061,59.100613,38.993904,272.82013
1621523573090,-72.71342,157.11891,220.07622
1621523573120,83.185974,14.222561,88.23171
1621523573120,156.06708,-49.90854,-10.167684
1621523573150,77.08842,30.929878,-44.161587
1621523573179,66.875,14.009147,-98.33842
1621523573181,89.20732,-30.868902,-155.39635
1621523573210,102.86585,-35.70122,-188.38416
1621523573241,123.53659,-32.65244,-208.65854
1621523573241,156.75305,-40.396343,-223.15549
1621523573270,190.01524,-48.689026,-224.69513
1621523573300,217.34756,-59.08537,-213.8567
1621523573301,235.30489,-66.06708,-199.58842
1621523573330,242.53049,-53.460365,-186.32622
1621523573360,233.71951,-29.84756,-186.23476
1621523573360,213.21646,-22.820122,-197.51524
1621523573390,178.93294,-13.125,-204.40549
1621523573420,141.61586,-35.365856,-203.5061
1621523573421,92.6372,-21.067074,-158.2317
1621523573450,45.838417,23.932928,-66.310974
1621523573479,19.054878,12.469513,23.018293
1621523573481,-18.948172,-52.439026,59.298782
1621523573510,-115.3811,-37.164635,86.52439
1621523573540,-296.43292,156.92073,84.222565
1621523573541,-232.68294,189.58842,127.393295
1621523573570,-14.344513,-84.20732,210.25916
1621523573601,21.12805,16.646341,58.03354
1621523573602,17.560976,34.115856,15.060976
1621523573630,29.588415,-6.0670733,12.530488
1621523573660,7.3018293,21.615854,2.4085367
1621523573661,4.756098,27.34756,6.3109756
1621523573690,7.896342,5.4573174,2.2408538
1621523573720,5.5945125,3.0792685,5.335366
1621523573721,2.698171,6.25,6.7225614
1621523573750,0.45731708,6.9969516,6.8597565
1621523573779,-1.4939024,5.381098,6.783537
1621523573781,-1.8902439,1.4786586,7.408537
1621523573810,-1.4939024,1.570122,9.131098
1621523573842,-1.2347561,3.0945122,9.359756
1621523573842,-0.39634147,4.10061,9.939025
1621523573871,0.65548784,3.75,9.618902
1621523573901,1.0823171,2.8658538,8.47561
1621523573901,1.2347561,3.0335367,7.667683
1621523573932,1.9359757,2.820122,8.094512
1621523573961,3.0182927,3.140244,9.603659
1621523573962,4.039634,3.3841465,10.97561
1621523573992,4.4359756,3.4756098,13.079268
1621523574021,4.2073174,2.652439,13.948171
1621523574021,4.222561,-0.36585367,13.780488
1621523574052,2.9420733,-3.4146342,13.7957325
1621523574081,2.2865853,-6.3567076,13.82622
1621523574082,1.5243902,-9.801829,14.131098
1621523574111,-1.1128049,-14.10061,16.692074
1621523574141,-13.094513,-19.375,27.804878
1621523574141,-61.417683,-14.283537,73.44512
1621523574170,-96.676834,-26.844513,117.86586
1621523574201,-155.45732,-77.40854,169.5427
1621523574203,-225.68597,-110.41159,187.11891
1621523574232,-306.09756,-107.621956,228.62805
1621523574261,-363.06403,52.667683,295.33536
1621523574263,-239.86281,34.969513,315.47256
1621523574292,-111.20427,87.0122,304.84756
1621523574321,-180.32013,193.81097,268.6738
1621523574323,-25.762196,67.743904,120.121956
1621523574350,192.82013,-96.951225,-55.80793
1621523574379,134.51219,10.518293,-108.44512
1621523574381,66.28049,36.021343,-104.847565
1621523574410,84.085365,-27.637196,-132.1494
1621523574441,126.92074,-67.10366,-167.92683
1621523574441,145.33537,-45.442074,-187.69818
1621523574470,162.07318,-37.8811,-195.71646
1621523574500,189.22256,-58.185978,-198.65854
1621523574502,212.0122,-82.60671,-200.625
1621523574531,220.32013,-92.5,-201.44818
1621523574560,221.79878,-73.32317,-199.42073
1621523574561,218.09451,-40.32012,-202.86586
1621523574592,189.19208,-7.682927,-210.83842
1621523574623,157.8811,0.5030488,-219.5427
1621523574650,140.42683,-7.7134147,-208.61281
1621523574651,109.81708,11.082317,-145.39635
1621523574680,50.792683,29.603659,-27.469513
1621523574681,16.219513,27.743902,47.34756
1621523574712,-22.728659,-65.121956,73.246956
1621523574742,-225.94513,98.246956,85.77744
1621523574771,-275.39636,156.03659,70.16769
1621523574773,-139.72562,-88.689026,187.31708
1621523574802,-104.77135,-39.420734,155.0
1621523574931,17.789635,89.02439,61.234756
1621523574931,11.52439,44.52744,22.911587
1621523574932,21.234756,-2.957317,10.990854
1621523574932,7.8353662,23.018293,8.887196
1621523574932,-1.6920732,24.573172,7.9725614
1621523574932,0.15243903,11.219512,6.2042685
1621523574951,-1.3871951,7.698171,5.045732
1621523574951,-3.2317073,11.509147,6.615854
1621523574981,-3.6890244,12.240854,6.7225614
1621523575012,-3.9939024,9.496951,4.8170733
1621523575012,-4.0701222,5.8689027,2.378049
1621523575042,-3.9634147,4.253049,0.7621951
1621523575071,-4.009146,4.390244,1.1280488
1621523575072,-3.7042685,4.9695125,2.804878
1621523575100,-3.003049,6.4481707,4.496951
1621523575130,-2.042683,8.39939,6.006098
1621523575131,-0.42682928,10.411586,7.865854
1621523575160,-0.30487806,12.134147,9.664635
1621523575189,-0.42682928,13.323171,11.509147
1621523575193,-0.5335366,15.579268,14.72561
1621523575222,-1.0823171,17.698172,18.643293
1621523575251,-1.6158537,17.240854,21.32622
1621523575253,-3.5213416,15.594513,23.033537
1621523575282,-5.8536587,12.682927,24.817074
1621523575312,-9.64939,9.054878,27.439026
1621523575312,-15.152439,5.503049,32.69817
1621523575342,-35.792683,-3.4756098,49.48171
1621523575371,-86.57012,-10.807927,101.64635
1621523575373,-113.00305,-31.981709,145.70122
1621523575402,-215.96037,-30.320122,191.25
1621523575433,-307.2866,-118.49086,212.71342
1621523575433,-389.20734,-71.46342,246.90549
1621523575461,-336.43292,-28.384148,273.5366
1621523575490,-78.49085,-18.429878,242.28659
1621523575491,6.905488,55.594513,162.22562
1621523575521,35.625,14.939025,64.32927
1621523575551,120.27439,-62.439026,-16.966463
1621523575552,55.091465,6.417683,-52.637196
1621523575580,49.542683,-11.60061,-102.5
1621523575611,84.58842,-49.740856,-149.29878
1621523575611,110.335365,-49.573174,-167.22562
1621523575642,136.41768,-50.57927,-170.13719
1621523575672,168.94818,-63.765244,-169.10062
1621523575672,196.02135,-76.539635,-165.83842
1621523575701,212.78964,-76.097565,-163.21646
1621523575731,224.58842,-67.57622,-161.50916
1621523575731,234.23781,-57.515244,-163.81097
1621523575760,232.54573,-50.411587,-173.87195
1621523575790,213.20122,-46.768295,-180.32013
1621523575792,183.15549,-57.012196,-177.02745
1621523575820,144.58842,-57.97256,-142.2561
1621523575850,97.17988,-19.634148,-63.90244
1621523575851,51.463417,40.442074,16.844513
1621523575880,-4.756098,6.9969516,44.90854
1621523575911,-95.71647,-72.28659,43.262196
1621523575911,-183.9177,-39.237804,40.365856
1621523575940,-317.86588,95.44208,15.152439
1621523575970,-212.08842,273.21646,21.707317
1621523575971,83.10976,106.41769,225.59451
1621523576000,-27.484756,174.98476,72.95732
1621523576032,-8.04878,46.35671,9.481708
1621523576032,9.253049,-29.115854,0.79268295
1621523576062,-0.7469512,-2.987805,0.32012194
1621523576093,-5.8231707,10.320122,5.7317076
1621523576094,-6.8140244,3.628049,2.8963416
1621523576121,-7.637195,2.5304878,8.003049
1621523576151,-7.8353662,4.4664636,6.3414636
1621523576152,-8.795732,3.1097562,3.323171
1621523576182,-8.917684,1.4481708,1.0365853
1621523576211,-8.155488,0.22865854,0.22865854
1621523576211,-6.585366,0.35060975,2.1189024
1621523576242,-5.2134147,1.8292683,3.5518293
1621523576271,-4.771342,3.5365853,3.307927
1621523576272,-4.02439,4.740854,2.9725611
1621523576301,-1.9359757,7.042683,5.3201222
1621523576332,-1.2042683,10.89939,7.5762196
1621523576332,-0.85365856,12.911586,8.429878
1621523576362,-1.0670732,13.445123,9.283537
1621523576392,-1.1280488,13.384147,10.0152445
1621523576393,-1.1280488,12.942074,11.371951
1621523576421,-1.722561,10.35061,12.545732
1621523576451,-3.2164636,6.60061,13.75
1621523576453,-5.97561,3.460366,15.777439
1621523576482,-9.435976,-2.2408538,21.295732
1621523576512,-28.064026,-11.814025,37.637196
1621523576512,-75.21342,-29.542685,70.39634
1621523576541,-131.21951,-50.365856,102.60671
1621523576571,-201.67683,-76.98171,136.79878
1621523576573,-269.39026,-161.31097,141.7683
1621523576600,-340.06097,-136.03659,166.12805
1621523576631,-372.07318,-74.039635,223.90245
1621523576631,-233.58232,-92.60671,246.25
1621523576660,-83.58232,-77.881096,199.43597
1621523576692,24.070122,-29.039635,161.43294
1621523576692,23.125,54.80183,126.93598
1621523576720,160.7927,-30.564026,66.26524
1621523576750,153.36891,-10.045732,23.368902
1621523576751,99.11585,12.210366,-14.314025
1621523576781,76.35671,-7.5,-75.1372
1621523576810,68.76524,-25.853659,-127.66769
1621523576811,68.689026,-28.033537,-159.23781
1621523576840,86.25,-27.195122,-177.74391
1621523576869,118.71951,-25.655489,-187.51524
1621523576871,152.1494,-23.734756,-190.59451
1621523576900,172.71342,-21.692074,-183.93294
1621523576930,180.67073,-18.292683,-172.69818
1621523576959,183.56708,-3.9939024,-167.97256
1621523576960,174.14635,16.036585,-173.61281
1621523576990,153.10976,14.329268,-179.42073
1621523577021,132.33232,-18.445122,-172.62195
1621523577022,106.93598,-38.65854,-130.56403
1621523577050,76.676834,-4.10061,-54.84756
1621523577082,-48.734756,53.368904,55.746952
1621523577082,-243.09451,95.076225,108.93293
1621523577141,-279.81708,27.835367,78.27744
1621523577142,47.164635,-170.1677,110.3811
1621523577142,134.42073,5.182927,73.064026
1621523577171,-5.121951,77.835365,21.615854
1621523577201,3.0945122,6.128049,9.847561
1621523577201,10.304878,12.759147,0.33536586
1621523577232,3.4146342,22.942074,6.7987804
1621523577261,-1.5396342,6.021342,0.06097561
1621523577261,-4.054878,-4.10061,-4.3445125
1621523577291,-5.2286587,-6.112805,-3.5518293
1621523577321,-5.9451222,-6.2042685,-1.4939024
1621523577321,-6.2195125,-5.2286587,1.9054879
1621523577350,-6.3719516,-4.878049,3.307927
1621523577381,-6.615854,-5.1981707,3.3536587
1621523577384,-6.2195125,-5.5640244,1.6310976
1621523577412,-5.640244,-5.030488,0.7012195
1621523577441,-4.6951222,-2.7591465,2.5457318
1621523577443,-3.4298782,0.39634147,4.6036587
1621523577472,-2.2408538,3.6585367,5.5487804
1621523577501,-1.5853659,7.2103662,7.530488
1621523577503,-1.1280488,11.448171,10.807927
1621523577532,-0.47256097,14.573171,12.484756
1621523577561,0.15243903,15.838415,12.469513
1621523577563,0.6707317,15.487805,11.631098
1621523577592,0.88414633,13.887196,9.02439
1621523577620,0.77743906,12.454268,6.768293
1621523577621,0.8231707,12.881098,7.3323174
1621523577650,0.27439025,12.545732,8.7652445
1621523577683,-0.32012194,10.70122,10.320122
1621523577683,-0.5945122,9.72561,11.859756
1621523577711,-0.32012194,8.932927,12.5152445
1621523577741,-0.5030488,7.896342,13.871951
1621523577741,-2.4085367,6.25,16.082317
1621523577771,-6.753049,1.9054879,19.344513
1621523577801,-15.0457325,-0.86890244,25.060976
1621523577801,-24.817074,-7.408537,29.405489
1621523577864,-34.359756,-31.554878,26.79878
1621523577864,-85.27439,-46.72256,48.368904
1621523577864,-160.19818,-59.009148,84.847565
1621523577891,-195.88416,-76.85976,109.67988
1621523577921,-253.44513,-73.689026,134.23781
1621523577921,-345.1677,-79.893295,168.07927
1621523577950,-322.94208,-47.896343,217.28659
1621523577981,-175.96037,-35.396343,247.36281
1621523577984,-98.201225,-9.192074,240.42683
1621523578012,-82.69817,49.588417,189.71037
1621523578041,-26.768293,101.585365,85.685974
1621523578043,122.91159,39.344513,-13.39939
1621523578072,100.60976,86.26524,-46.920734
1621523578101,59.984756,93.10976,-67.560974
1621523578103,68.33842,57.77439,-112.69817
1621523578132,90.121956,36.646343,-151.25
1621523578161,102.05793,42.987804,-169.7561
1621523578163,119.10061,40.3811,-179.86281
1621523578192,145.32013,30.137196,-189.11586
1621523578221,170.30489,28.490854,-194.74086
1621523578221,183.68903,23.765244,-198.3994
1621523578250,194.16159,2.5457318,-202.85062
1621523578283,204.32927,-22.881098,-203.21646
1621523578283,197.56097,-20.670732,-197.46951
1621523578312,173.9177,6.9359756,-188.2927
1621523578340,144.96951,9.984756,-187.48476
1621523578341,123.018295,13.582317,-163.44513
1621523578371,80.243904,40.57927,-78.27744
1621523578401,27.012196,26.615854,17.484756
1621523578401,-16.981709,-38.917683,62.30183
1621523578432,-90.868904,-46.341465,90.060974
1621523578461,-295.19818,117.19512,96.585365
1621523578461,-158.90244,89.435974,200.53354
1621523578491,67.0122,57.317074,122.53049
1621523578521,-8.368902,46.09756,0.80792683
1621523578521,17.45427,-15.990854,7.6219516
1621523578550,-4.009146,23.399391,2.6219513
1621523578580,-6.112805,27.317074,10.27439
1621523578582,-5.5792685,3.3841465,2.1036587
1621523578611,-5.8841467,-3.6432927,3.765244
1621523578641,-5.472561,-0.65548784,6.585366
1621523578644,-5.9451222,-2.5457318,3.7804878
1621523578672,-6.265244,-5.289634,1.7835367
1621523578701,-5.8231707,-5.7012196,3.1097562
1621523578703,-5.2286587,-6.7225614,4.4664636
1621523578732,-4.8323174,-7.14939,4.8018293
1621523578761,-4.0701222,-4.908537,5.960366
1621523578763,-3.0182927,-0.83841467,7.0884147
1621523578792,-1.9359757,3.7804878,8.521341
1621523578823,-1.1128049,7.4695125,10.289635
1621523578823,-0.5945122,9.481708,12.088415
1621523578850,-0.7012195,9.420732,12.560976
1621523578883,-1.5396342,8.277439,13.033537
1621523578883,-2.4237804,6.737805,14.054878
1621523578910,-3.6585367,3.6890244,14.192074
1621523578941,-6.417683,-1.2042683,14.45122
1621523578941,-11.097561,-7.865854,15.70122
1621523578970,-21.890244,-14.954268,19.481709
1621523579000,-50.03049,-17.637196,33.42988
1621523579001,-83.27744,-34.17683,53.185978
1621523579031,-143.24695,-64.314026,74.54269
1621523579061,-239.32927,-115.04573,97.05793
1621523579062,-359.80185,-163.3994,135.50305
1621523579090,-497.57623,-191.73781,193.58232
1621523579121,-499.49695,-175.99086,300.1677
1621523579122,-331.98172,-92.560974,363.06403
1621523579152,38.246952,-71.40244,290.82318
1621523579181,54.969513,36.859756,171.9817
1621523579184,21.006098,105.97561,60.96037
1621523579211,154.49695,50.94512,-27.073172
1621523579242,96.097565,86.143295,-48.75
1621523579273,94.78659,52.423782,-100.15244
1621523579273,124.664635,30.487806,-159.43597
1621523579301,140.48781,40.289635,-186.61586
1621523579331,161.75305,31.341465,-200.06097
1621523579331,192.71342,18.185976,-208.52135
1621523579360,226.11281,13.841464,-214.17683
1621523579391,250.53354,7.4390244,-217.98781
1621523579391,262.82013,-8.582317,-219.74086
1621523579422,266.23477,-19.054878,-224.61891
1621523579451,252.65245,2.3932927,-240.73172
1621523579451,214.86281,41.60061,-256.8445
1621523579482,154.84756,63.643295,-246.78354
1621523579512,88.70427,28.55183,-172.74391
1621523579512,3.460366,44.420734,-37.637196
1621523579542,-72.14939,28.963415,54.64939
1621523579570,-235.24391,113.65854,87.02744
1621523579571,-275.19818,130.19818,136.96646
1621523579601,-117.19512,-158.0183,184.5122
1621523579631,-32.865856,-130.47256,92.91159
1621523579633,55.045734,46.844513,50.47256
1621523579662,9.039635,47.911587,26.05183
1621523579691,-1.097561,27.179878,11.356708
1621523579693,-4.862805,24.009148,8.689025
1621523579722,-6.006098,18.307928,9.039635
1621523579752,-6.5701222,9.45122,3.7957318
1621523579752,-5.929878,1.6463414,3.277439
1621523579781,-6.1737804,0.18292683,2.3475611
1621523579812,-5.960366,0.32012194,3.003049
1621523579812,-5.990854,-0.9603659,2.698171
1621523579842,-5.762195,-1.9664634,1.875
1621523579871,-5.4573174,-1.5091463,2.5914636
1621523579872,-5.015244,0.7621951,3.6585367
1621523579903,-4.405488,3.0945122,4.375
1621523579930,-3.75,5.762195,5.762195
1621523579931,-2.7286587,9.085366,8.170732
1621523579960,-1.8597561,11.509147,9.908537
1621523579990,-1.6768293,12.454268,9.45122
1621523579991,-1.5243902,12.911586,8.704268
1621523580020,-1.1432927,13.902439,9.466464
1621523580050,-0.83841467,14.176829,11.814025
1621523580053,-0.5945122,13.67378,16.006098
1621523580080,-1.2042683,11.8902445,17.911585
1621523580110,-3.0945122,8.795732,18.856709
1621523580111,-6.0518293,6.3414636,22.164635
1621523580140,-12.042684,5.2439027,30.106709
1621523580169,-23.064026,3.612805,46.234756
1621523580171,-47.34756,-7.0731707,72.393295
1621523580201,-124.69512,-24.192074,113.643295
1621523580231,-229.25305,-58.948174,152.6677
1621523580232,-349.0854,-99.618904,190.68597
1621523580261,-494.1616,-141.7683,258.94818
1621523580290,-491.2805,-43.871952,360.27438
1621523580291,-284.52744,41.692074,387.33234
1621523580320,-13.856708,36.814026,273.3689
1621523580350,-5.960366,87.77439,60.914635
1621523580351,114.00915,24.740854,-91.46342
1621523580382,73.94817,64.42073,-116.82927
1621523580411,30.685976,47.225613,-115.518295
1621523580413,82.164635,-11.539635,-163.52135
1621523580440,127.621956,7.987805,-200.80794
1621523580471,162.53049,21.265244,-214.29878
1621523580471,204.43597,-11.067074,-215.35062
1621523580500,238.85672,-43.948174,-208.67378
1621523580532,258.42987,-65.88415,-206.69208
1621523580532,261.58536,-78.32317,-212.97256
1621523580561,242.74391,-71.310974,-227.45427
1621523580590,196.0061,-39.573174,-258.97867
1621523580592,140.32013,19.664635,-303.2927
1621523580622,100.625,64.664635,-345.22867
1621523580651,87.27135,55.838417,-321.95123
1621523580651,64.52744,78.10976,-150.83842
1621523580682,52.545734,27.103659,48.841465
1621523580711,32.362804,-77.80488,138.26219
1621523580712,-128.87195,-21.417683,177.33232
1621523580740,-354.14636,251.4177,150.57927
1621523580769,-186.79878,45.990856,217.21037
1621523580771,23.567074,-87.301834,140.33537
1621523580802,-8.368902,83.42988,9.939025
1621523580831,14.786586,-11.631098,5.625
1621523580833,8.917684,-11.737805,-2.652439
1621523580862,-1.4329269,22.02744,8.871951
1621523580892,0.30487806,8.353659,7.789634
1621523580892,-1.9817073,-6.2195125,0.6859756
1621523580920,-1.417683,-9.207317,5.0762196
1621523580951,-1.9969512,-8.460366,4.222561
1621523580951,-2.5914636,-8.47561,3.307927
1621523580981,-2.835366,-9.939025,2.4237804
1621523581011,-2.4085367,-10.411586,3.0792685
1621523581011,-1.9817073,-10.777439,3.8719513
1621523581040,-1.7987806,-10.746951,3.5518293
1621523581070,-1.3109757,-9.009147,4.1615853
1621523581071,-0.8231707,-5.27439,5.929878
1621523581100,-0.6402439,-0.44207317,8.384147
1621523581130,-0.6859756,4.237805,10.746951
1621523581131,-0.45731708,8.277439,12.286586
1621523581162,-0.18292683,11.463415,13.079268
1621523581191,0.25914633,13.003049,13.7957325
1621523581193,0.9756098,13.429878,14.878049
1621523581222,2.5457318,12.408537,16.996952
1621523581252,3.323171,9.054878,19.344513
1621523581253,2.6067073,2.1646342,21.768293
1621523581282,-3.932927,-7.9573174,25.35061
1621523581311,-33.887196,-12.271341,40.518295
1621523581312,-84.176834,-24.542683,65.289635
1621523581342,-144.80183,-64.52744,85.335365
1621523581371,-235.85367,-109.43598,117.835365
1621523581373,-365.8384,-150.47256,160.8994
1621523581402,-499.49695,-203.68903,216.82927
1621523581433,-488.93295,-170.56403,305.28964
1621523581433,-304.57318,-46.265244,348.6433
1621523581461,-42.65244,-78.94817,275.56403
1621523581492,-23.689026,62.484756,186.60062
1621523581521,105.48781,114.48171,90.914635
1621523581522,240.44208,72.835365,0.7469512
1621523581552,159.52744,115.65549,-27.37805
1621523581581,124.05488,71.82927,-76.52439
1621523581585,134.84756,40.060978,-148.76524
1621523581611,141.53964,49.90854,-199.00916
1621523581640,151.96646,55.137196,-220.21342
1621523581641,180.50305,35.42683,-229.43597
1621523581672,215.99086,18.536585,-231.1433
1621523581701,247.97256,9.908537,-226.06708
1621523581703,276.57013,-13.993903,-218.17073
1621523581731,293.5366,-40.823174,-208.44513
1621523581761,267.80487,-41.95122,-216.69208
1621523581763,217.3933,-58.871952,-251.53964
1621523581792,165.13719,-95.73171,-275.45734
1621523581821,109.375,-54.60366,-216.21951
1621523581821,57.591465,40.015244,-72.60671
1621523581853,14.496951,45.30488,45.350613
1621523581882,-34.7561,-68.29269,75.79269
1621523581882,-133.70427,-71.814026,96.57012
1621523581912,-370.42685,178.07927,98.689026
1621523581940,-204.40549,-6.60061,214.39024
1621523581941,77.94208,12.682927,213.71951
1621523581969,-24.207317,158.53659,39.60366
1621523581999,8.064025,-9.557927,1.1585366
1621523582001,8.643292,-1.417683,6.737805
1621523582030,-7.042683,23.856709,10.091464
1621523582061,-5.2439027,5.8384147,10.335366
1621523582061,-6.0518293,0.30487806,7.0884147
1621523582089,-4.115854,0.28963414,11.082317
1621523582119,-3.125,1.7987806,10.914635
1621523582121,-3.1554878,2.7439024,9.29878
1621523582150,-3.6890244,2.682927,7.2865853
1621523582180,-3.7195122,0.6859756,5.7317076
1621523582182,-3.5060976,-0.5487805,5.0
1621523582211,-2.835366,0.18292683,5.0
1621523582240,-2.1493902,1.6768293,5.167683
1621523582242,-1.5853659,3.7957318,4.9695125
1621523582272,-0.8993903,6.387195,4.9695125
1621523582301,-0.44207317,7.7591467,5.4573174
1621523582303,0.38109756,10.152439,6.280488
1621523582330,0.5792683,12.5,7.4237804
1621523582359,0.27439025,12.957317,8.170732
1621523582361,0.076219514,11.875,9.72561
1621523582390,0.41158536,9.969512,11.905488
1621523582422,0.10670732,6.585366,13.597561
1621523582422,-0.80792683,3.0335367,15.6402445
1621523582452,-2.1189024,-1.1432927,19.085367
1621523582484,-5.8231707,-4.557927,25.106709
1621523582484,-18.20122,-2.0731707,37.896343
1621523582512,-38.414635,-4.420732,49.009148
1621523582541,-90.564026,-19.192074,68.78049
1621523582541,-162.36281,-55.411587,102.33232
1621523582570,-238.53659,-86.493904,131.08232
1621523582600,-323.94818,-97.65244,156.15854
1621523582602,-448.65854,-99.375,214.07013
1621523582632,-463.61282,-117.22561,281.06708
1621523582661,-313.85672,-70.0,315.85367
1621523582662,-73.018295,-57.591465,290.01526
1621523582690,11.844513,7.8201222,212.0122
1621523582720,29.17683,92.835365,104.90854
1621523582721,198.52135,15.457317,-8.20122
1621523582750,139.52744,89.29878,-53.85671
1621523582780,84.756096,70.45732,-78.84147
1621523582782,81.73781,20.091463,-125.914635
1621523582810,92.04269,20.015244,-169.19208
1621523582841,107.301834,40.396343,-196.28049
1621523582841,138.55183,33.03354,-211.92073
1621523582870,175.7317,18.993902,-216.79878
1621523582900,206.26524,13.445123,-212.57622
1621523582901,229.77135,3.8109758,-206.15854
1621523582930,242.13416,-12.926829,-199.39024
1621523582960,239.69513,-26.05183,-195.86891
1621523582961,227.54573,-34.817074,-205.35062
1621523582989,206.66159,-41.219513,-219.07013
1621523583022,174.93903,-59.32927,-227.75916
1621523583022,142.63719,-69.98476,-202.37805
1621523583050,92.65244,-20.091463,-115.94512
1621523583082,47.45427,15.6402445,-16.463415
1621523583082,1.2652439,-21.112806,38.567074
1621523583110,-194.46646,43.20122,83.73476
1621523583141,-390.99088,331.52438,57.14939
1621523583142,-219.61891,-28.20122,134.22256
1621523583172,5.929878,-315.15244,165.04573
1621523583201,50.53354,48.70427,32.957317
1621523583201,11.79878,54.634148,27.97256
1621523583232,16.692074,0.5487805,5.8536587
1621523583261,7.042683,31.12805,12.865854
1621523583262,4.1463413,15.655488,10.320122
1621523583290,0.22865854,6.6768293,6.5091467
1621523583320,-2.4542685,7.682927,8.536586
1621523583321,-4.908537,8.1402445,8.170732
1621523583350,-6.0518293,5.518293,8.292683
1621523583380,-6.753049,2.1646342,7.362805
1621523583382,-7.2103662,0.86890244,6.539634
1621523583412,-7.9725614,0.8993903,4.756098
1621523583441,-8.003049,1.0518293,3.612805
1621523583443,-6.4939027,2.057927,6.7987804
1621523583470,-4.984756,4.893293,11.32622
1621523583501,-4.862805,6.4939027,11.875
1621523583501,-4.72561,6.585366,12.179878
1621523583531,-3.6737807,7.804878,13.978659
1621523583561,-2.0884147,7.7439027,16.036585
1621523583561,-1.6615855,7.9725614,20.457317
1621523583592,-0.5945122,9.237805,25.274391
1621523583621,-0.5030488,7.7134147,27.42378
1621523583622,-2.7591465,0.94512194,28.00305
1621523583652,-10.746951,-7.271342,30.320122
1621523583681,-24.634148,-18.75,30.381098
1621523583684,-71.75305,-23.368902,50.045734
1621523583712,-148.42989,-45.685978,84.42073
1621523583742,-208.00305,-65.77744,110.289635
1621523583770,-274.63416,-85.426834,149.86281
1621523583771,-396.8445,-116.722565,207.0427
1621523583800,-459.6494,-123.07927,284.03964
1621523583830,-334.7561,-31.661587,350.35062
1621523583831,-115.64024,50.42683,346.12805
1621523583861,-31.905489,103.65854,259.87805
1621523583891,-21.615854,118.30793,147.83537
1621523583892,170.57927,-59.512196,25.655489
1621523583920,115.79269,18.00305,-34.420734
1621523583950,61.67683,46.920734,-75.71647
1621523583952,76.98171,-0.5335366,-137.6067
1621523583982,104.78659,-24.131098,-186.1433
1621523584012,128.3994,-8.841464,-214.5427
1621523584012,161.70732,-8.216464,-230.97562
1621523584042,199.63416,-23.414635,-234.63416
1621523584072,231.1433,-39.22256,-227.74391
1621523584072,249.96951,-49.420734,-220.2744
1621523584102,253.78049,-49.69512,-218.38416
1621523584130,242.45427,-33.719513,-227.42378
1621523584131,226.875,-11.844513,-249.74086
1621523584162,201.32622,21.295732,-268.38416
1621523584191,175.85367,16.17378,-273.55185
1621523584193,157.10367,25.411587,-205.32013
1621523584222,122.45427,51.90549,-44.146343
1621523584252,66.371956,-13.292684,94.77135
1621523584252,-118.90244,7.85061,167.59146
1621523584280,-294.5427,237.97256,157.08842
1621523584313,-293.07928,90.868904,193.38416
1621523584313,13.216464,-228.10976,217.78964
1621523584342,58.44512,45.30488,52.896343
1621523584374,-4.039634,30.274391,7.7439027
1621523584374,16.585365,-23.338415,1.0060976
1621523584402,5.304878,24.969513,10.70122
1621523584431,1.6006098,17.179878,11.128049
1621523584431,0.6859756,0.12195122,2.6067073
1621523584461,0.5030488,-2.5457318,4.1463413
1621523584491,-0.5487805,-5.27439,2.210366
1621523584492,-1.2804878,-8.323171,0.0
1621523584521,-2.2560976,-11.2652445,-2.057927
1621523584551,-2.4390244,-13.597561,-3.0487804
1621523584551,-2.042683,-13.368903,-2.2713416
1621523584583,-1.5396342,-10.716464,-0.91463417
1621523584612,0.28963414,-6.0518293,2.7286587
1621523584612,2.5762196,-0.73170733,7.4390244
1621523584642,3.948171,4.893293,11.615854
1621523584672,5.365854,8.841464,14.908537
1621523584673,5.990854,10.716464,16.310976
1621523584702,5.670732,11.310976,16.509148
1621523584731,6.1737804,10.503049,17.22561
1621523584731,6.25,9.237805,18.00305
1621523584760,5.3201222,6.7987804,18.689024
1621523584790,2.7743902,2.957317,19.496952
1621523584791,-2.9268293,1.4329269,22.286587
1621523584820,-9.756098,1.25,28.20122
1621523584850,-16.40244,-5.487805,32.34756
1621523584852,-21.585367,-20.182928,31.417685
1621523584882,-73.73476,-29.893293,58.90244
1621523584911,-168.04878,-51.814026,114.10061
1621523584911,-264.02438,-83.93293,141.67683
1621523584940,-379.28354,-144.92378,148.84146
1621523584970,-488.32318,-176.1433,202.92683
1621523584971,-480.50305,-123.18598,289.95428
1621523585000,-303.2622,-45.30488,352.27136
1621523585030,-91.78354,-79.95427,307.98782
1621523585031,32.942074,10.457317,206.02135
1621523585060,124.085365,30.716465,121.41769
1621523585090,235.86891,9.3902445,14.679878
1621523585092,186.26524,46.47866,-49.634148
1621523585122,135.54878,11.570122,-103.29269
1621523585150,149.19208,-35.884148,-172.89635
1621523585151,162.65244,-24.95427,-222.86586
1621523585182,180.36586,-7.0731707,-247.53049
1621523585210,212.37805,-16.737804,-256.92075
1621523585213,252.89635,-34.878048,-257.33234
1621523585242,284.00916,-51.35671,-247.33232
1621523585271,299.03964,-61.95122,-232.82013
1621523585273,297.92685,-36.6311,-225.8994
1621523585300,254.93903,20.77744,-233.06403
1621523585331,179.98476,47.57622,-243.87196
1621523585332,124.34451,47.286587,-210.06097
1621523585361,90.32012,72.835365,-115.01524
1621523585390,60.442074,34.115856,-7.393293
1621523585391,12.5,-57.82012,78.21647
1621523585420,-90.564026,-47.80488,143.56708
1621523585450,-326.0366,225.71646,173.56708
1621523585451,-234.14635,19.054878,248.23172
1621523585481,-119.34451,-134.7561,209.29878
1621523585509,16.493902,76.26524,53.871952
1621523585511,16.295732,22.179878,14.329268
1621523585540,7.85061,-13.567074,2.8658538
1621523585571,1.1432927,15.777439,3.8414636
1621523585571,-2.3475611,4.679878,7.378049
1621523585600,-4.984756,1.2957318,7.0731707
1621523585630,-5.381098,0.27439025,5.807927
1621523585631,-6.7225614,-2.378049,6.0518293
1621523585661,-7.4237804,-1.4329269,3.765244
1621523585691,-7.240854,-0.15243903,2.5457318
1621523585691,-7.179878,-1.5091463,2.210366
1621523585720,-6.0365853,-3.0487804,2.637195
1621523585749,-4.2987804,-2.4542685,3.3993902
1621523585753,-3.4908538,-0.5945122,5.1067076
1621523585780,-3.4908538,0.5792683,5.807927
1621523585809,-2.804878,1.6463414,7.012195
1621523585811,-2.820122,5.8536587,11.021341
1621523585840,-3.3841465,11.143293,15.960366
1621523585869,-4.679878,13.917684,19.557928
1621523585871,-5.8231707,13.079268,21.356709
1621523585900,-6.8445125,10.167684,23.414635
1621523585931,-7.0884147,5.9451222,24.679878
1621523585931,-7.9115853,-0.45731708,25.518293
1621523585960,-8.780488,-7.22561,26.707317
1621523586019,-9.115854,-16.219513,27.02744
1621523586021,-13.902439,-24.817074,27.637196
1621523586021,-30.990854,-33.155487,30.655489
1621523586050,-104.34451,-36.6311,76.25
1621523586081,-175.48781,-65.564026,106.46342
1621523586082,-283.23172,-99.35976,153.52135
1621523586110,-401.29575,-152.92683,203.07927
1621523586140,-445.56403,-133.0183,283.8872
1621523586141,-275.56403,-119.55793,323.30792
1621523586170,-57.45427,-106.15854,299.28354
1621523586200,-54.939026,3.948171,256.1738
1621523586202,61.509148,63.246952,130.45732
1621523586230,209.32927,30.945122,-2.6219513
1621523586262,134.52744,83.15549,-59.90854
1621523586262,85.35061,55.411587,-99.10061
1621523586290,93.201225,12.073171,-154.17683
1621523586320,110.73171,8.993902,-195.88416
1621523586321,134.71037,13.7957325,-217.65245
1621523586350,171.72256,-0.12195122,-226.70732
1621523586380,218.56708,-14.893293,-223.23172
1621523586381,266.02136,-28.719513,-211.72256
1621523586410,303.70428,-51.067074,-198.81097
1621523586440,308.65854,-51.82927,-189.93903
1621523586441,279.1616,-33.32317,-200.36586
1621523586470,216.96646,-0.13719513,-219.07013
1621523586501,132.66768,3.2317073,-238.65854
1621523586501,80.71647,-5.5487804,-221.67683
1621523586530,53.55183,58.20122,-135.22867
1621523586561,28.810976,44.878048,-13.82622
1621523586561,-13.536586,-53.5061,80.83842
1621523586590,-67.68293,-72.301834,133.94818
1621523586621,-227.08842,74.46647,140.96037
1621523586623,-186.53964,156.34146,127.94208
1621523586652,-18.04878,-74.45122,237.45427
1621523586684,-39.496952,100.59451,70.1372
1621523586684,-1.4481708,49.817074,1.6310976
1621523586711,4.893293,-26.905489,7.6067076
1621523586741,-5.167683,14.72561,9.085366
1621523586741,-3.7042685,17.240854,13.185976
1621523586772,-4.9390244,3.8719513,8.536586
1621523586800,-5.5487804,3.2012196,9.375
1621523586801,-4.634146,3.8567073,9.664635
1621523586830,-4.237805,3.612805,6.646342
1621523586860,-4.0701222,3.2012196,5.396342
1621523586862,-4.0701222,1.4939024,5.015244
1621523586890,-3.75,-1.1737806,4.4512196
1621523586920,-3.2012196,-1.8597561,4.496951
1621523586920,-2.1189024,0.16768293,5.9451222
1621523586951,-1.1128049,2.7134147,7.3170733
1621523586980,-0.45731708,4.3445125,7.9573174
1621523586981,0.47256097,6.585366,9.847561
1621523587011,0.42682928,8.658537,11.112805
1621523587040,0.10670732,9.268292,12.210366
1621523587041,-0.71646345,9.710366,13.155488
1621523587070,-0.015243903,8.445122,14.542684
1621523587100,-0.47256097,5.807927,16.966463
1621523587101,-1.4786586,1.6768293,19.192074
1621523587130,-5.4420733,-2.8810976,22.65244
1621523587161,-16.67683,-3.4908538,30.42683
1621523587161,-26.341463,-1.6768293,39.923782
1621523587190,-45.15244,-7.698171,53.75
1621523587221,-91.676834,-28.20122,75.60976
1621523587222,-143.125,-68.90244,116.3872
1621523587250,-207.68294,-99.96951,147.78964
1621523587279,-331.50916,-117.22561,196.28049
1621523587280,-444.0549,-98.597565,255.50305
1621523587309,-440.12195,-52.850613,311.47867
1621523587340,-256.4177,40.182926,346.35672
1621523587341,-91.06708,20.655489,330.27438
1621523587370,-11.112805,31.692074,190.44208
1621523587399,76.676834,20.731709,5.3201222
1621523587401,176.99695,-15.6402445,-98.65854
1621523587430,108.8872,46.189026,-119.268295
1621523587460,99.847565,-8.551829,-139.95427
1621523587461,127.75915,-49.64939,-179.39024
1621523587490,147.31708,-32.591465,-208.56708
1621523587519,168.15549,-22.103659,-223.79573
1621523587521,192.95732,-43.75,-227.72867
1621523587550,216.44818,-63.689026,-224.74086
1621523587579,233.03354,-59.298782,-218.84146
1621523587581,237.72867,-45.42683,-209.93903
1621523587610,235.68597,-30.70122,-205.1372
1621523587639,216.03659,4.1920733,-207.43903
1621523587642,173.09451,23.155489,-219.66464
1621523587670,122.71342,2.1189024,-237.31708
1621523587700,86.60061,-5.0,-219.61891
1621523587701,49.862804,46.189026,-135.15244
1621523587730,15.182927,35.746952,-17.682928
1621523587761,-31.72256,-37.210365,60.487804
1621523587761,-108.67378,-65.381096,101.26524
1621523587790,-298.9634,164.2683,80.518295
1621523587821,-317.8354,221.70732,104.69512
1621523587822,-23.871952,-233.42989,194.39024
1621523587851,44.100613,48.841465,73.71951
1621523587881,-8.003049,70.15244,15.259147
1621523587881,11.006098,-15.213415,-0.5640244
1621523587911,2.3018293,24.17683,3.445122
1621523587941,-0.36585367,29.039635,9.542684
1621523587941,0.6707317,10.457317,6.4786587
1621523587973,-0.91463417,7.881098,4.862805
1621523588001,-1.4786586,6.1890244,5.533537
1621523588002,-2.804878,5.2286587,4.085366
1621523588032,-3.902439,4.710366,3.0945122
1621523588061,-4.222561,3.307927,2.8963416
1621523588063,-3.902439,2.0731707,3.4756098
1621523588091,-3.6432927,1.7835367,3.307927
1621523588121,-3.4756098,2.5304878,3.628049
1621523588123,-3.4756098,3.3689024,4.4817076
1621523588152,-3.0487804,5.2134147,6.097561
1621523588182,-2.3475611,8.018292,9.237805
1621523588182,-2.012195,8.551829,12.652439
1621523588211,-2.027439,6.6920733,14.192074
1621523588240,-1.7073171,3.948171,16.143293
1621523588241,-0.7621951,2.3932927,19.664635
1621523588270,-1.3719512,-0.45731708,20.57927
1621523588299,-2.682927,-3.8414636,22.332317
1621523588301,-8.993902,-5.2286587,27.820122
1621523588331,-22.393293,-4.6036587,40.15244
1621523588361,-46.98171,-2.8658538,56.021343
1621523588362,-93.97866,-8.429878,78.00305
1621523588392,-168.76524,-44.60366,101.40244
1621523588420,-270.25916,-104.46647,131.03659
1621523588449,-393.55185,-125.64024,187.11891
1621523588451,-499.49695,-143.82622,269.95428
1621523588480,-449.77136,-97.60671,351.1433
1621523588509,-274.2683,-1.7682927,369.23782
1621523588511,-30.792685,-25.792683,294.1311
1621523588540,17.804878,66.097565,181.66159
1621523588571,133.00305,40.457317,40.121952
1621523588572,207.24086,31.935976,-72.45427
1621523588602,113.04878,81.20427,-93.71951
1621523588633,105.15244,20.838415,-135.2744
1621523588633,134.78659,-13.47561,-193.18597
1621523588661,151.43294,7.9268293,-227.13416
1621523588691,174.46646,12.027439,-240.01524
1621523588691,206.89024,-9.237805,-240.92989
1621523588721,243.44513,-28.917683,-233.96342
1621523588751,276.06708,-46.036587,-226.08232
1621523588751,290.77744,-56.600613,-223.49086
1621523588782,262.4695,-43.871952,-238.9177
1621523588811,196.66159,-13.871951,-278.41464
1621523588812,131.61586,-28.932928,-326.43292
1621523588842,77.24085,-13.033537,-296.6311
1621523588871,35.487804,85.80793,-135.56403
1621523588872,-63.23171,91.06708,58.93293
1621523588930,-186.89024,58.90244,147.28659
1621523588931,-339.60367,185.88416,149.49695
1621523588931,-310.45734,35.868904,162.98781
1621523588962,17.987804,-308.21646,140.30489
1621523588990,85.64024,83.460365,69.222565
1621523588991,-2.2256098,57.271343,16.509148
1621523589020,7.14939,-10.914635,-9.161586
1621523589050,1.6768293,27.637196,9.283537
1621523589053,-4.64939,20.274391,12.713415
1621523589081,-6.8292685,11.2652445,8.734756
1621523589109,-8.231708,10.929878,12.439025
1621523589111,-9.375,9.314025,10.457317
1621523589140,-9.695122,5.990854,9.29878
1621523589170,-9.801829,3.3841465,8.353659
1621523589172,-10.198171,1.4329269,7.7134147
1621523589200,-9.237805,0.30487806,8.033537
1621523589231,-7.7439027,0.4878049,7.77439
1621523589231,-5.609756,3.3384147,9.009147
1621523589260,-3.0335367,7.22561,10.792684
1621523589291,-1.7530488,8.963415,11.79878
1621523589291,-0.8993903,9.146341,13.04878
1621523589349,0.6402439,9.801829,14.268293
1621523589380,1.6920732,11.570122,14.085366
1621523589381,2.7743902,13.064025,16.371952
1621523589382,2.2713416,12.652439,21.265244
1621523589410,-0.65548784,8.262196,24.603659
1621523589410,-3.4298782,1.8140244,25.564026
1621523589440,-7.22561,-3.4146342,28.033537
1621523589470,-24.740854,-1.722561,45.640244
1621523589472,-58.262196,-4.542683,66.03659
1621523589530,-114.10061,-16.631098,84.72561
1621523589530,-175.32013,-35.594513,106.20427
1621523589532,-249.10062,-64.98476,132.37805
1621523589560,-357.8049,-94.10061,175.96037
1621523589590,-420.18292,-106.08232,233.61281
1621523589591,-402.95734,-59.90854,296.60062
1621523589680,-212.71342,-35.914635,301.61588
1621523589680,3.9176831,-61.6311,254.6494
1621523589680,-10.625,55.18293,159.67989
1621523589680,107.07317,17.743902,47.332317
1621523589739,224.77135,-20.091463,-61.20427
1621523589743,120.1372,34.862804,-76.097565
1621523589743,89.40549,-23.780489,-105.45732
1621523589770,105.27439,-62.65244,-163.38416
1621523589772,122.789635,-49.22256,-207.6067
1621523589800,141.12805,-38.03354,-230.36586
1621523589832,168.10976,-50.77744,-238.03354
1621523589832,202.02745,-65.41159,-236.85976
1621523589861,229.0244,-70.335365,-231.92073
1621523589891,243.9177,-64.314026,-225.50305
1621523589891,248.82623,-41.966465,-220.1677
1621523589920,235.65549,-2.637195,-222.11891
1621523589950,207.21037,26.72256,-229.11586
1621523589951,173.47562,9.435976,-232.95732
1621523589980,139.81708,-1.2957318,-191.81403
1621523590010,92.80488,34.207317,-91.951225
1621523590011,42.073174,14.527439,5.960366
1621523590040,-27.789635,-61.371952,54.740856
1621523590072,-104.085365,-44.45122,73.49085
1621523590072,-248.3994,57.164635,100.99085
1621523590100,-363.58234,230.5183,82.621956
1621523590129,-98.15549,-129.19208,152.17989
1621523590130,53.734756,-82.743904,161.29573
1621523590190,27.865854,240.83842,81.98171
1621523590190,2.4390244,20.884148,11.753049
1621523590191,12.469513,-34.344513,-3.5518293
1621523590220,1.6158537,12.301829,5.0914636
1621523590251,-3.0182927,10.579268,9.314025
1621523590252,-3.1707318,2.9420733,6.52439
1621523590280,-5.2134147,2.2865853,5.929878
1621523590311,-5.8689027,2.0731707,7.3323174
1621523590312,-6.112805,4.710366,6.128049
1621523590341,-6.615854,6.539634,6.5701222
1621523590371,-6.631098,5.396342,6.432927
1621523590372,-6.3719516,4.1920733,5.6859756
1621523590400,-6.006098,4.6951222,6.5091467
1621523590431,-5.1981707,6.631098,8.109756
1621523590432,-4.2073174,7.652439,8.064025
1621523590460,-3.9939024,7.698171,7.789634
1621523590490,-2.987805,8.810976,9.573171
1621523590491,-2.027439,10.945122,12.271341
1621523590549,-1.7378049,12.012196,13.932927
1621523590552,-2.1036587,12.240854,15.762196
1621523590552,-2.2865853,12.210366,17.57622
1621523590580,-3.8414636,10.685976,19.557928
1621523590611,-5.6859756,8.856708,21.524391
1621523590640,-7.393293,7.4542685,21.448172
1621523590641,-10.304878,7.2103662,23.55183
1621523590671,-20.137196,8.490854,35.640244
1621523590671,-25.731709,-6.9359756,40.73171
1621523590700,-61.32622,-19.435976,61.09756
1621523590730,-135.68597,-22.118902,111.79878
1621523590790,-222.51524,-55.564026,154.32927
1621523590793,-347.72867,-95.85366,192.43903
1621523590793,-465.57928,-109.664635,243.32318
1621523590794,-452.8811,-123.52135,300.09146
1621523590820,-187.33232,-93.52135,338.00305
1621523590880,-24.481709,-13.262196,321.2195
1621523590881,-22.408537,100.19817,170.67073
1621523590883,87.40854,21.463415,-2.7286587
1621523590911,152.05794,2.5304878,-118.67378
1621523590942,59.573174,57.34756,-125.32012
1621523590942,40.487804,11.478659,-142.65244
1621523590971,79.664635,-27.637196,-182.1494
1621523591000,116.371956,-12.637196,-204.96951
1621523591001,152.78964,-6.2042685,-210.48781
1621523591030,191.26524,-33.5061,-210.1067
1621523591060,224.25305,-61.40244,-210.1067
1621523591061,248.35367,-64.90854,-208.5061
1621523591091,255.99086,-47.439026,-197.56097
1621523591120,243.79573,-16.661585,-189.80183
1621523591121,203.125,26.32622,-205.70122
1621523591182,155.09146,67.04269,-217.53049
1621523591210,124.54269,57.987804,-218.09451
1621523591210,89.16159,44.390244,-187.71342
1621523591211,52.073174,37.2561,-108.368904
1621523591241,23.170732,-1.0670732,-15.182927
1621523591241,-3.6890244,-50.685978,54.32927
1621523591270,-50.411587,-49.192074,92.98781
1621523591300,-233.58232,81.52439,88.90244
1621523591301,-306.96646,153.6433,120.15244
1621523591330,-24.80183,-141.3567,195.68597
1621523591360,35.716465,142.08842,95.960365
1621523591363,1.1128049,71.50915,18.445122
1621523591390,26.021341,-11.692074,8.033537
1621523591420,10.960366,28.719513,13.445123
1621523591421,0.86890244,26.25,17.591463
1621523591450,-3.4756098,11.17378,12.073171
1621523591481,-7.4695125,6.4634147,15.106708
1621523591482,-9.496951,3.948171,14.878049
1621523591511,-11.875,-0.06097561,12.088415
1621523591542,-13.7652445,-2.804878,9.969512
1621523591542,-13.917684,-4.847561,8.216464
1621523591571,-12.85061,-6.52439,6.539634
1621523591600,-11.52439,-5.929878,6.7987804
1621523591601,-9.283537,-2.4237804,8.47561
1621523591630,-6.3567076,2.5914636,9.512196
1621523591660,-4.3445125,8.109756,10.426829
1621523591661,-2.7439024,11.722561,10.655488
1621523591691,-3.1097562,13.582317,12.179878
1621523591720,-4.222561,15.030488,16.356709
1621523591721,-2.9268293,15.655488,20.396341
1621523591782,-3.0335367,14.435976,23.917683
1621523591783,-5.625,12.134147,28.04878
1621523591783,-9.45122,10.106708,30.762196
1621523591811,-13.429878,6.60061,32.957317
1621523591840,-22.286587,0.7621951,38.109756
1621523591841,-34.618904,-15.457317,48.673782
1621523591871,-117.51524,-22.195122,93.460365
1621523591900,-212.24086,-56.692074,132.19513
1621523591902,-305.47256,-79.55793,164.25305
1621523591930,-422.6677,-92.347565,209.87805
1621523591960,-455.97562,-92.02744,273.2927
1621523591963,-328.87195,-97.59147,296.4939
1621523591990,-100.701225,-86.20427,260.5945
1621523592020,-8.551829,7.042683,183.14024
1621523592021,40.15244,81.95122,55.167683
1621523592050,180.01524,31.935976,-61.707317
1621523592081,108.79573,73.39939,-93.00305
1621523592082,80.97561,29.786587,-117.07317
1621523592112,107.164635,-8.521341,-163.125
1621523592142,132.74391,2.3018293,-194.45122
1621523592142,159.93903,7.9115853,-206.5244
1621523592171,195.18294,-13.932927,-210.04573
1621523592201,232.13416,-37.5,-208.90245
1621523592201,259.1616,-57.637196,-205.06097
1621523592232,273.61282,-78.07927,-204.05489
1621523592262,265.36584,-79.20732,-215.74696
1621523592262,217.85062,-55.365856,-247.28659
1621523592293,160.56403,-22.759148,-277.85062
1621523592321,115.35061,1.7073171,-278.39938
1621523592322,92.05793,60.70122,-201.17378
1621523592353,67.42378,97.2561,-61.219513
1621523592382,29.908537,6.8140244,51.432926
1621523592382,-23.231709,-105.121956,96.676834
1621523592413,-122.72866,-64.98476,128.55183
1621523592442,-349.0854,223.59756,90.243904
1621523592442,-262.0884,164.72562,170.67073
1621523592472,81.20427,-48.75,188.00305
1621523592502,8.536586,88.65854,14.542684
1621523592503,18.795732,-17.530489,2.835366
1621523592533,15.320123,-0.7469512,2.2408538
1621523592561,-0.44207317,29.32927,14.253049
1621523592592,-1.0670732,10.594512,11.021341
1621523592592,-3.6737807,1.9512196,11.051829
1621523592621,-7.85061,3.75,16.09756
1621523592623,-12.103659,2.2256098,15.792684
1621523592652,-13.323171,-0.13719513,14.268293
1621523592683,-12.926829,-2.7743902,11.768293
1621523592683,-11.95122,-4.1615853,12.881098
1621523592712,-10.609756,-4.6189027,12.5152445
1621523592742,-9.085366,-3.9939024,12.14939
1621523592742,-6.9359756,-1.9512196,12.545732
1621523592771,-4.4512196,1.1890244,12.332317
1621523592801,-1.7073171,4.893293,12.256098
1621523592801,0.22865854,7.164634,12.179878
1621523592831,1.1280488,7.8201222,12.027439
1621523592861,1.6615855,7.515244,14.268293
1621523592862,1.6920732,6.021342,17.5
1621523592924,-1.9969512,1.25,19.344513
1621523592924,-9.893293,-7.987805,21.905489
1621523592924,-35.518295,-11.737805,34.634148
1621523592951,-77.22561,-14.146341,56.844513
1621523592982,-122.393295,-38.85671,83.93293
1621523593012,-200.33537,-85.71647,123.871956
1621523593012,-319.3445,-113.61281,174.57318
1621523593042,-463.06403,-158.67378,240.36586
1621523593070,-499.49695,-142.8811,323.93292
1621523593072,-380.8994,2.1493902,385.8994
1621523593100,-87.19512,-13.75,317.8811
1621523593130,52.97256,35.22866,168.3994
1621523593131,124.92378,71.06708,77.65244
1621523593160,224.45122,8.82622,-4.253049
1621523593190,144.96951,32.82012,-53.23171
1621523593191,124.5122,-26.631098,-108.70427
1621523593220,136.73781,-65.89939,-173.73476
1621523593250,140.80794,-58.20122,-218.8872
1621523593251,156.9817,-59.268295,-246.37196
1621523593281,188.65854,-71.84451,-261.61584
1621523593310,227.86586,-70.80793,-259.10062
1621523593311,264.93903,-68.09451,-240.18294
1621523593341,285.77744,-53.368904,-217.1494
1621523593371,270.97562,-20.106709,-217.22562
1621523593372,225.86891,29.862806,-242.08842
1621523593400,163.79573,82.22561,-266.4939
1621523593430,127.94208,66.79878,-263.73477
1621523593431,115.868904,62.012196,-169.43597
1621523593461,86.539635,53.00305,-24.618902
1621523593491,39.862804,-57.439026,71.26524
1621523593491,-109.893295,-54.100613,128.87195
1621523593520,-354.64938,281.32623,96.493904
1621523593550,-281.08234,72.80488,183.27745
1621523593553,-132.53049,-245.32013,128.52135
1621523593580,-7.804878,103.90244,33.97866
1621523593610,12.027439,47.835365,7.1036587
1621523593611,10.533537,-6.615854,-7.637195
1621523593640,-0.09146342,31.295732,7.881098
1621523593671,2.4695122,19.283537,12.14939
1621523593700,-1.4786586,7.164634,5.533537
1621523593701,-2.5304878,1.8292683,8.734756
1621523593730,-4.756098,-2.6219513,6.60061
1621523593731,-7.667683,-5.9451222,5.503049
1621523593761,-9.496951,-8.1402445,4.6951222
1621523593790,-10.27439,-9.92378,4.527439
1621523593791,-9.832317,-8.628049,5.960366
1621523593820,-9.054878,-5.487805,7.408537
1621523593881,-8.429878,-3.3689024,8.125
1621523593883,-7.22561,-1.0213414,9.192074
1621523593885,-4.4512196,1.8902439,11.17378
1621523593911,-2.195122,6.0518293,12.682927
1621523593912,-0.16768293,11.128049,13.033537
1621523593943,2.362805,16.875,13.292684
1621523593972,4.02439,20.70122,16.17378
1621523593972,3.1554878,21.356709,21.661587
1621523594003,-1.6006098,18.033537,26.25
1621523594032,-7.1341467,12.865854,30.792685
1621523594032,-12.012196,7.530488,32.378048
1621523594062,-17.698172,2.5,32.088417
1621523594091,-27.881098,-4.009146,37.85061
1621523594093,-51.371952,-16.25,52.60671
1621523594122,-107.85061,-50.548782,87.560974
1621523594151,-205.80794,-89.55793,138.46037
1621523594154,-324.2988,-150.28964,169.77135
1621523594183,-485.77744,-185.41159,222.30183
1621523594213,-499.49695,-227.45427,290.1372
1621523594213,-264.5122,-52.713417,339.64938
1621523594242,54.710365,44.07012,351.2195
1621523594274,118.00305,44.512196,216.3872
1621523594274,36.493904,93.73476,84.00915
1621523594330,201.21951,-26.996952,-45.30488
1621523594391,118.47561,41.280487,-94.83232
1621523594391,77.13415,24.192074,-131.08232
1621523594393,98.551834,-28.521341,-187.98781
1621523594394,118.993904,-27.256098,-225.1372
1621523594394,135.91464,-6.265244,-238.00305
1621523594421,168.55183,-13.582317,-242.0427
1621523594452,209.29878,-33.734756,-241.35672
1621523594452,243.23172,-38.963417,-235.12196
1621523594481,264.8933,-38.628048,-226.21951
1621523594512,273.32318,-35.792683,-221.96646
1621523594512,256.78354,3.7195122,-229.95427
1621523594542,208.125,71.84451,-241.75305
1621523594572,153.59756,82.256096,-250.92989
1621523594572,103.85671,63.39939,-205.19818
1621523594603,46.463417,58.23171,-89.83232
1621523594631,2.9115853,-25.838415,22.118902
1621523594631,-43.521343,-92.94208,97.05793
1621523594662,-137.08842,-35.746952,143.53659
1621523594691,-328.17075,169.72562,109.496956
1621523594693,-259.00916,124.35976,146.5244
1621523594722,16.707317,-85.99085,120.97561
1621523594751,-26.615854,134.87805,19.80183
1621523594753,-0.92987806,-3.9786587,-2.4085367
1621523594783,13.734756,-21.09756,-8.262196
1621523594812,0.39634147,22.362806,7.042683
1621523594812,3.8262196,7.0731707,6.7073174
1621523594842,1.097561,-2.9420733,2.210366
1621523594873,-0.6707317,-0.5335366,7.5762196
1621523594873,-2.9268293,-0.5335366,6.25
1621523594902,-4.634146,-3.1707318,4.710366
1621523594933,-5.7469516,-3.8567073,3.75
1621523594933,-6.143293,-5.640244,4.1615853
1621523594961,-6.0670733,-8.597561,4.10061
1621523594992,-5.960366,-8.734756,5.6859756
1621523594992,-4.908537,-5.289634,9.146341
1621523595021,-3.3841465,-1.6006098,10.320122
1621523595051,-2.4542685,1.6615855,11.463415
1621523595052,-2.1493902,4.283537,14.207317
1621523595082,-1.7378049,6.554878,15.777439
1621523595112,-0.21341464,9.253049,15.35061
1621523595112,1.5243902,12.621951,15.0
1621523595142,2.012195,15.89939,17.057928
1621523595172,0.51829267,15.518293,20.884148
1621523595201,-3.7195122,12.77439,23.871952
1621523595203,-10.152439,8.75,23.689026
1621523595232,-18.323172,2.4237804,25.823172
1621523595262,-29.115854,-4.756098,35.518295
1621523595263,-62.02744,-12.286586,63.673782
1621523595293,-135.2744,-45.167683,100.97561
1621523595321,-238.10976,-101.78354,132.6067
1621523595321,-386.0061,-158.82622,181.69208
1621523595351,-499.49695,-190.77745,225.25916
1621523595381,-454.25305,-102.2561,295.1372
1621523595381,-246.72256,-14.131098,327.51526
1621523595411,-118.17074,-109.710365,279.77136
1621523595441,-3.6890244,-19.969513,170.83842
1621523595442,98.414635,106.03659,53.948174
1621523595472,254.32927,36.112804,-30.625
1621523595501,167.6067,53.018295,-41.371952
1621523595501,128.07927,-12.911586,-72.118904
1621523595532,135.59451,-50.47256,-138.44513
1621523595562,141.69208,-32.69817,-188.33842
1621523595562,151.84451,-23.780489,-215.44208
1621523595590,174.14635,-41.844513,-233.20122
1621523595620,201.20427,-44.237804,-239.03964
1621523595621,230.28964,-31.554878,-232.02745
1621523595650,262.72867,-25.97561,-214.6494
1621523595680,278.0488,-14.131098,-194.32927
1621523595712,245.73172,17.774391,-194.84756
1621523595713,179.95427,45.350613,-214.77135
1621523595741,115.48781,58.78049,-232.1494
1621523595742,89.19208,31.021341,-230.86891
1621523595801,74.20732,38.23171,-161.05183
1621523595802,53.44512,30.655489,-36.55488
1621523595804,-0.5640244,-19.87805,92.91159
1621523595832,-171.12805,87.972565,179.43597
1621523595862,-316.12805,124.58842,201.3872
1621523595892,-45.73171,-185.06097,189.93903
1621523595892,42.60671,125.19817,101.75305
1621523595923,-10.091464,82.37805,19.390244
1621523595923,15.060976,-23.231709,9.588415
1621523595951,-0.80792683,30.792685,15.792684
1621523595981,-5.7164636,32.118904,20.685976
1621523595981,-4.8170733,9.45122,10.792684
1621523596012,-2.804878,5.8689027,11.310976
1621523596041,-2.7134147,7.3018293,13.079268
1621523596043,-3.8262196,6.646342,11.707317
1621523596072,-4.039634,6.4939027,11.036586
1621523596101,-4.237805,5.8231707,9.573171
1621523596101,-4.756098,3.3384147,7.652439
1621523596133,-5.2134147,1.1585366,5.807927
1621523596162,-5.8231707,0.6402439,4.893293
1621523596162,-5.152439,1.9512196,4.908537
1621523596190,-4.527439,3.8262196,5.2591467
1621523596220,-4.10061,6.158537,6.554878
1621523596221,-2.9420733,9.192074,7.881098
1621523596250,-1.4329269,12.454268,7.5914636
1621523596281,-0.6859756,14.344513,6.890244
1621523596284,-1.9664634,13.993903,9.070122
1621523596312,-3.5975611,11.387196,12.591464
1621523596341,-4.557927,8.734756,15.960366
1621523596342,-4.5731707,7.8201222,17.942074
1621523596372,-5.0762196,6.52439,17.149391
1621523596401,-8.216464,3.948171,18.932928
1621523596403,-18.170732,2.2713416,29.10061
1621523596432,-30.487806,0.076219514,45.10671
1621523596461,-43.307926,-5.929878,62.423782
1621523596463,-86.89024,-27.439026,80.15244
1621523596492,-171.61586,-48.85671,114.039635
1621523596523,-263.21646,-71.11281,147.69818
1621523596523,-362.6372,-111.78354,161.46342
1621523596552,-473.49088,-100.60976,214.0244
1621523596581,-464.60367,-70.564026,290.85367
1621523596581,-242.36281,-25.945122,310.68597
1621523596611,-34.832317,-8.429878,255.22867
1621523596640,28.55183,50.396343,103.201225
1621523596642,97.45427,23.67378,-23.155489
1621523596672,156.7683,17.774391,-98.2622
1621523596701,93.67378,34.80183,-99.74085
1621523596701,93.62805,-27.088415,-122.19512
1621523596732,124.98476,-58.948174,-160.22867
1621523596762,145.16768,-46.432926,-184.57318
1621523596762,170.47256,-54.28354,-197.72867
1621523596792,196.61586,-74.48171,-200.96037
1621523596822,216.37196,-77.14939,-197.31708
1621523596822,231.69208,-61.692074,-191.25
1621523596852,238.97867,-46.966465,-187.43903
1621523596881,225.09146,-37.637196,-194.28354
1621523596883,185.07622,-36.371952,-217.27135
1621523596913,133.17073,-18.521341,-242.75916
1621523596941,102.13415,2.7439024,-256.15854
1621523596942,92.22561,20.640244,-223.85672
1621523596972,67.0122,56.112804,-120.0
1621523597001,38.810978,34.817074,-5.2591467
1621523597003,15.228659,-29.039635,56.692074
1621523597061,-38.155487,-56.707317,90.289635
1621523597065,-209.80183,80.10671,115.80793
1621523597065,-304.25305,193.15549,75.71647
1621523597092,-260.99084,100.77744,46.920734
1621523597122,-15.426829,-97.439026,129.55792
1621523597123,59.039635,-3.2164636,95.701225
1621523597151,-9.542684,101.29573,27.591465
1621523597182,17.85061,1.9817073,6.112805
1621523597182,7.637195,12.103659,4.710366
1621523597211,-0.27439025,27.820122,6.1890244
1621523597242,2.0731707,11.8902445,2.2713416
1621523597271,1.1432927,4.5884147,2.012195
1621523597273,-0.5792683,3.445122,3.8719513
1621523597302,-2.4695122,3.0640244,3.2317073
1621523597302,-4.390244,4.009146,3.0640244
1621523597331,-5.35061,4.4512196,2.9725611
1621523597362,-5.289634,2.5457318,2.057927
1621523597362,-4.9695125,0.44207317,1.3719512
1621523597390,-3.9634147,0.73170733,2.8810976
1621523597420,-2.8658538,2.5457318,5.0
1621523597421,-2.5,4.1463413,5.929878
1621523597451,-2.0731707,5.503049,7.5762196
1621523597480,-1.0670732,6.5701222,10.259147
1621523597513,-0.24390244,7.6067076,12.14939
1621523597513,0.9756098,9.603659,14.115854
1621523597541,2.2865853,12.118903,16.82927
1621523597543,4.4359756,12.42378,19.359756
1621523597572,5.27439,8.932927,20.899391
1621523597602,3.4756098,2.9268293,23.70427
1621523597631,-3.2164636,-0.10670732,29.344513
1621523597631,-12.012196,-1.2652439,33.216465
1621523597663,-15.457317,-14.4207325,28.90244
1621523597691,-68.91769,-22.149391,57.65244
1621523597691,-163.24695,-50.884148,114.72561
1621523597723,-262.6677,-97.08842,151.84451
1621523597753,-403.73477,-123.76524,189.52745
1621523597753,-498.59756,-149.25305,232.16464
1621523597783,-395.2744,-78.20122,307.19513
1621523597812,-205.12196,-10.746951,323.79575
1621523597812,-32.042683,-82.04269,230.1677
1621523597842,-15.106708,20.838415,150.83842
1621523597871,157.02744,23.582317,7.5609756
1621523597873,196.44818,42.92683,-62.911587
1621523597902,107.743904,49.05488,-72.347565
1621523597931,94.87805,-19.80183,-110.54878
1621523597933,114.77135,-37.057926,-163.73476
1621523597962,132.57622,-13.536586,-194.49695
1621523597991,156.85976,-15.97561,-205.96037
1621523597993,189.14635,-40.167683,-207.40854
1621523598022,215.39635,-53.170734,-199.98476
1621523598051,240.54878,-54.207317,-189.35976
1621523598054,264.7561,-33.064026,-180.35062
1621523598082,254.92378,0.99085367,-187.08842
1621523598111,202.40854,22.22561,-205.53354
1621523598112,123.93293,40.914635,-226.96646
1621523598141,53.323174,34.984756,-240.80794
1621523598171,24.939026,21.67683,-193.58232
1621523598171,13.04878,43.932926,-82.82012
1621523598201,5.1981707,14.207317,25.442074
1621523598231,-44.862804,-43.5061,89.02439
1621523598231,-275.96036,158.93294,109.96951
1621523598263,-312.7439,157.86586,154.90854
1621523598291,4.2073174,-187.6677,192.08842
1621523598291,79.67988,110.518295,78.93293
1621523598323,-13.307927,49.375,8.292683
1621523598352,7.515244,-31.387196,-1.8902439
1621523598352,7.408537,9.009147,2.027439
1621523598380,-0.51829267,17.179878,9.009147
1621523598411,-1.6006098,6.0823174,5.640244
1621523598412,-1.9207318,5.0,4.0701222
1621523598442,-2.195122,5.533537,5.990854
1621523598471,-1.8292683,3.3384147,4.3140244
1621523598472,-1.2195122,3.628049,3.2317073
1621523598502,-1.3871951,3.9634147,3.2469513
1621523598531,-1.6463414,2.5457318,3.5213416
1621523598533,-1.6006098,2.637195,4.64939
1621523598563,-1.4939024,4.634146,6.0365853
1621523598591,-0.41158536,6.387195,7.14939
1621523598593,0.24390244,7.515244,8.414635
1621523598622,-0.41158536,9.314025,9.862805
1621523598651,-0.91463417,11.17378,10.823171
1621523598653,0.32012194,12.77439,12.85061
1621523598682,0.15243903,15.167684,15.0457325
1621523598712,0.30487806,15.396342,18.125
1621523598712,-0.8993903,15.106708,20.77744
1621523598741,-2.3475611,13.734756,21.417683
1621523598771,-3.8414636,9.02439,21.417683
1621523598771,-7.179878,1.3719512,24.268293
1621523598802,-12.77439,-3.323171,29.771341
1621523598832,-26.295732,-19.496952,33.39939
1621523598832,-62.118904,-48.85671,51.310978
1621523598863,-178.14024,-26.524391,131.9817
1621523598891,-268.32318,-59.87805,174.20732
1621523598920,-336.72256,-76.143295,217.24086
1621523598922,-421.0061,-36.753048,317.13416
1621523598952,-369.95428,-7.652439,368.0488
1621523598952,-184.14635,19.817074,353.58234
1621523598980,-4.984756,20.0,210.07622
1621523599011,-8.216464,38.643295,-24.359756
1621523599011,66.310974,15.121951,-156.18903
1621523599042,12.408537,58.490856,-166.32622
1621523599071,21.920732,17.865854,-165.82318
1621523599073,80.89939,-16.143293,-185.28964
1621523599103,127.210365,-3.1097562,-195.01524
1621523599131,164.25305,-0.4878049,-195.32013
1621523599133,200.09146,-23.064026,-194.57318
1621523599162,230.39635,-41.707317,-197.95732
1621523599191,243.94818,-49.664635,-205.47256
1621523599193,237.72867,-57.713417,-216.0061
1621523599223,224.96951,-61.40244,-231.55489
1621523599251,207.6372,-30.731709,-249.92378
1621523599254,178.26219,24.375,-266.60062
1621523599282,132.37805,36.844513,-283.47562
1621523599312,84.57317,31.234756,-252.21037
1621523599312,49.725613,60.716465,-133.53659
1621523599341,42.45427,24.695122,10.381098
1621523599372,8.155488,-64.42073,93.018295
1621523599372,-48.993904,-73.871956,112.45427
1621523599401,-178.18597,30.228659,118.27744
1621523599431,-279.35977,160.2744,125.73171
1621523599431,109.05488,153.21646,221.26524
1621523599462,-15.27439,206.17378,96.85976
1621523599491,-23.82622,57.77439,6.7987804
1621523599491,25.182928,-12.545732,24.740854
1621523599521,2.2256098,27.774391,9.466464
1621523599552,-3.9634147,25.106709,12.134147
1621523599552,-5.0762196,6.9969516,7.698171
1621523599582,-7.515244,6.4786587,8.155488
1621523599612,-7.4390244,6.646342,9.771341
1621523599612,-9.405488,7.408537,5.0762196
1621523599642,-10.259147,8.04878,3.7195122
1621523599671,-10.594512,7.789634,3.2164636
1621523599673,-10.320122,5.8536587,1.7378049
1621523599703,-9.679878,3.460366,3.1097562
1621523599733,-7.804878,3.292683,5.518293
1621523599762,-5.960366,4.634146,4.740854
1621523599762,-4.664634,5.8536587,2.957317
1621523599790,-4.4817076,7.4237804,4.1920733
1621523599820,-3.9634147,8.810976,6.5701222
1621523599822,-4.0701222,9.435976,7.896342
1621523599851,-5.2439027,9.893293,9.695122
1621523599881,-6.9512196,10.259147,11.631098
1621523599881,-8.323171,10.365854,16.143293
1621523599912,-9.801829,10.6402445,21.448172
1621523599941,-11.17378,9.954268,23.765244
1621523599942,-12.606708,9.573171,24.786587
1621523599971,-14.740854,8.490854,26.478659
1621523600001,-17.30183,6.905488,29.45122
1621523600001,-23.978659,1.0365853,34.710365
1621523600031,-53.795734,-12.759147,49.969513
1621523600061,-118.201225,-35.167683,81.50915
1621523600064,-202.6372,-70.09147,112.95732
1621523600092,-295.33536,-178.5061,131.96646
1621523600121,-420.19818,-274.66464,148.29268
1621523600123,-471.0061,-259.10062,197.1494
1621523600152,-355.57928,-31.158537,263.1555
1621523600181,-263.73477,132.65244,288.9177
1621523600183,-144.375,164.72562,192.6067
1621523600213,24.17683,142.17989,74.81708
1621523600242,218.2622,33.582317,-5.2591467
1621523600243,205.59451,60.10671,-14.085366
1621523600272,155.67073,37.469513,-22.149391
1621523600300,158.52135,-32.80488,-79.40549
1621523600301,159.57318,-56.78354,-136.23476
1621523600331,148.30794,-52.362804,-171.50916
1621523600361,149.4817,-77.60671,-195.1372
1621523600361,168.17073,-104.28354,-212.30183
1621523600392,188.24695,-108.15549,-227.22562
1621523600421,194.375,-96.814026,-242.91159
1621523600421,187.5,-66.935974,-255.10672
1621523600452,171.58537,-12.698171,-261.55487
1621523600481,143.18597,46.173782,-261.1433
1621523600481,118.29269,72.743904,-244.71037
1621523600513,107.48476,80.060974,-177.1494
1621523600541,87.6372,73.75,-73.35366
1621523600542,64.07012,-1.2652439,6.5701222
1621523600573,0.076219514,-79.52744,70.25915
1621523600602,-195.47256,50.0,112.576225
1621523600602,-315.80792,204.43597,54.95427
1621523600633,-190.92989,-69.222565,136.03659
1621523600662,97.576225,-175.19818,172.59146
1621523600663,57.57622,127.46951,57.60671
1621523600692,-11.768293,29.634148,14.740854
1621523600721,0.09146342,-16.692074,-3.7347562
1621523600723,-3.7804878,23.07927,4.771342
1621523600752,-3.6890244,17.164635,7.865854
1621523600781,-3.765244,-1.3414634,-0.85365856
1621523600783,-3.292683,-6.3567076,-0.85365856
1621523600812,-3.902439,-8.429878,-1.0670732
1621523600841,-4.6189027,-11.875,-3.0335367
1621523600844,-4.6189027,-11.432927,-3.1554878
1621523600872,-4.237805,-9.573171,-2.4542685
1621523600903,-4.10061,-9.740854,-3.0640244
1621523600903,-3.5518293,-8.978659,-2.317073
1621523600931,-3.140244,-4.8323174,0.8231707
1621523600961,-3.1707318,-0.12195122,3.2469513
1621523600961,-3.5518293,4.268293,5.182927
1621523600992,-4.115854,7.545732,7.5609756
1621523601021,-4.6951222,9.085366,9.573171
1621523601021,-5.152439,9.984756,10.762196
1621523601053,-4.634146,10.594512,11.783537
1621523601081,-3.0182927,11.493903,11.341464
1621523601081,-1.7835367,11.737805,10.426829
1621523601112,-1.2804878,11.707317,10.868903
1621523601141,-0.8993903,10.442074,11.737805
1621523601142,-1.6615855,6.2195125,11.966464
1621523601170,-4.1920733,-0.33536586,11.32622
1621523601201,-8.597561,-7.9115853,11.829268
1621523601201,-12.347561,-18.109756,14.192074
1621523601230,-22.5,-29.679878,16.036585
1621523601261,-82.53049,-36.021343,45.350613
1621523601261,-157.82013,-66.70732,87.45427
1621523601290,-245.03049,-101.051834,144.17683
1621523601320,-364.93903,-122.66769,201.46342
1621523601321,-458.4604,-105.243904,226.47867
1621523601351,-499.49695,-100.564026,258.79575
1621523601380,-373.5061,-91.92073,296.18903
1621523601381,-49.95427,-76.78354,262.17987
1621523601411,54.512196,26.570122,170.56403
1621523601441,101.20427,98.10976,101.20427
1621523601443,262.89636,4.847561,60.80793
1621523601470,195.2744,57.80488,24.939026
1621523601501,146.5244,35.97561,-43.35366
1621523601501,136.31097,0.04573171,-130.83842
1621523601531,125.50305,-0.83841467,-187.75916
1621523601560,123.78049,2.820122,-215.57927
1621523601561,143.17073,-8.689025,-226.84451
1621523601590,174.67989,-15.335366,-223.84146
1621523601620,215.32013,-15.487805,-212.69818
1621523601621,257.4695,-19.29878,-200.7622
1621523601650,274.14636,-17.97256,-195.47256
1621523601680,246.44818,-12.179878,-218.0183
1621523601681,197.91159,20.274391,-245.625
1621523601711,141.5244,16.189024,-232.72867
1621523601740,87.37805,4.405488,-144.80183
1621523601741,46.72256,38.932926,-26.890245
1621523601770,43.064026,-7.7591467,47.621952
1621523601800,-58.55183,-49.832317,114.90854
1621523601801,-235.04573,96.539635,142.51524
1621523601830,-308.3384,133.2317,143.70427
1621523601859,31.09756,-43.170734,211.18903
1621523601861,35.030487,89.222565,70.27439
1621523601890,-9.969512,39.207317,11.554878
1621523601920,16.036585,-19.710367,4.512195
1621523601922,2.1189024,19.070122,7.256098
1621523601952,0.16768293,16.875,12.454268
1621523601981,-2.2865853,2.0884147,3.8109758
1621523601983,-2.652439,0.04573171,6.905488
1621523602013,-3.0945122,0.32012194,6.9817076
1621523602041,-4.420732,-1.3262196,5.3201222
1621523602043,-5.0,-0.5640244,4.679878
1621523602073,-4.5884147,0.9756098,4.664634
1621523602102,-3.932927,1.5243902,4.6036587
1621523602132,-3.5213416,2.3932927,4.009146
1621523602132,-3.445122,3.3536587,4.1920733
1621523602160,-3.1859758,4.359756,4.740854
1621523602190,-2.1493902,5.8841467,4.237805
1621523602191,-1.0518293,9.222561,5.9451222
1621523602220,-0.27439025,11.432927,8.643292
1621523602251,-1.0518293,10.137196,10.487805
1621523602254,-2.195122,8.689025,12.347561
1621523602282,-3.0487804,8.04878,14.3902445
1621523602311,-3.932927,7.789634,15.198171
1621523602313,-5.4115853,5.381098,15.396342
1621523602342,-7.9420733,2.667683,17.957317
1621523602371,-11.021341,1.2042683,22.911587
1621523602373,-19.131098,-2.5,30.838415
1621523602402,-43.65854,-15.259147,47.545734
1621523602431,-128.00305,-33.582317,94.314026
1621523602434,-213.2317,-71.41769,134.54268
1621523602462,-298.84146,-101.50915,165.1067
1621523602491,-435.0305,-119.893295,227.10367
1621523602492,-499.49695,-76.35671,299.10062
1621523602521,-300.42685,-72.164635,323.61282
1621523602553,-19.435976,-79.085365,265.25916
1621523602553,5.152439,44.771343,172.2561
1621523602582,116.6311,65.36585,40.914635
1621523602612,189.69513,42.65244,-43.35366
1621523602612,88.56708,76.493904,-57.591465
1621523602641,56.234756,20.167683,-99.95427
1621523602671,65.960365,-12.759147,-158.59756
1621523602671,77.10366,3.1859758,-193.38416
1621523602703,105.06098,7.012195,-207.92683
1621523602732,150.625,-3.1554878,-211.57013
1621523602732,198.125,-9.801829,-207.22562
1621523602760,231.06708,-15.320123,-198.8567
1621523602791,241.05183,-23.567074,-191.44818
1621523602791,229.61891,-36.935978,-192.92683
1621523602820,199.52745,-37.8811,-206.99696
1621523602851,152.69818,-21.478659,-235.06097
1621523602854,113.38415,-0.27439025,-262.0122
1621523602882,94.83232,7.1189027,-275.30487
1621523602941,69.83232,12.77439,-235.24391
1621523602943,27.92683,18.963415,-125.289635
1621523602943,4.3445125,-16.95122,-22.957317
1621523602971,-9.72561,-56.615856,32.423782
1621523602973,-51.72256,-45.3811,65.94512
1621523603002,-110.54878,-19.771341,76.814026
1621523603031,-305.12195,150.79268,75.45732
1621523603061,-302.1189,92.926834,165.28964
1621523603062,-129.77135,-297.85062,213.99391
1621523603093,46.067074,-32.92683,34.268295
1621523603093,10.0152445,67.89634,9.420732
1621523603122,-14.405488,-2.027439,2.8810976
1621523603153,-0.015243903,20.320122,0.79268295
1621523603153,-1.4329269,33.490856,14.954268
1621523603182,-6.402439,16.631098,12.073171
1621523603211,-9.253049,10.304878,7.545732
1621523603212,-9.72561,7.881098,9.222561
1621523603242,-10.289635,6.4481707,6.890244
1621523603271,-10.289635,5.503049,5.152439
1621523603271,-9.435976,4.847561,4.679878
1621523603303,-8.20122,3.75,4.6189027
1621523603332,-7.9115853,1.4634147,3.612805
1621523603332,-7.804878,0.0,3.1707318
1621523603362,-6.890244,1.3262196,3.932927
1621523603392,-5.0609756,4.664634,5.1067076
1621523603392,-2.5609756,9.131098,5.7012196
1621523603423,0.13719513,14.466464,6.905488
1621523603452,1.0365853,18.59756,9.3902445
1621523603453,-0.19817074,17.896341,10.594512
1621523603482,-1.402439,15.396342,10.6402445
1621523603512,-2.1189024,14.131098,11.935976
1621523603513,-2.820122,12.317074,13.963415
1621523603542,-3.1859758,10.792684,15.213415
1621523603571,-4.6951222,8.262196,14.375
1621523603573,-6.783537,5.121951,13.887196
1621523603602,-7.804878,0.09146342,16.554878
1621523603631,-11.143293,-6.7073174,24.344513
1621523603634,-16.524391,-11.875,34.420734
1621523603662,-38.140244,-20.77744,54.009148
1621523603693,-110.80793,-24.314026,98.35366
1621523603693,-193.27745,-48.39939,153.79573
1621523603722,-248.82623,-79.69512,189.92378
1621523603752,-372.54575,-51.814026,249.32927
1621523603752,-445.10672,-13.658537,328.0183
1621523603781,-362.85062,-13.018293,351.1738
1621523603811,-87.82012,-26.554878,314.17685
1621523603812,32.134148,67.19512,173.59756
1621523603842,81.875,125.54878,39.862804
1621523603871,216.08232,16.280489,-52.698174
1621523603871,138.91768,45.94512,-64.07012
1621523603901,111.44817,9.161586,-86.097565
1621523603932,132.37805,-34.435978,-135.99086
1621523603932,146.60062,-29.466465,-170.82318
1621523603961,155.59451,-29.893293,-191.55489
1621523603991,168.65854,-55.42683,-204.17683
1621523603992,181.46342,-78.8872,-209.57318
1621523604020,190.22867,-77.789635,-208.62805
1621523604051,189.32927,-58.948174,-207.43903
1621523604052,173.2927,-51.844513,-214.45122
1621523604080,147.80489,-53.62805,-231.26524
1621523604110,120.57927,-38.094513,-247.51524
1621523604111,111.84451,3.4756098,-248.20123
1621523604142,125.243904,48.62805,-227.02745
1621523604171,135.7317,46.417683,-182.3933
1621523604173,128.24695,23.612806,-102.6372
1621523604202,108.32317,-2.8658538,-17.804878
1621523604231,91.69208,-33.612804,44.466465
1621523604234,46.539635,-36.539635,85.19817
1621523604263,-24.070122,-17.881098,99.496956
1621523604293,-82.94208,-6.4939027,81.814026
1621523604322,-224.63416,70.27439,51.173782
1621523604322,-286.3872,204.2683,59.984756
1621523604353,-55.670734,19.207317,231.47867
1621523604353,47.073174,-39.146343,85.64024
1621523604381,-12.5152445,42.72866,-3.887195
1621523604411,33.490856,-13.109756,28.871952
1621523604441,12.57622,11.463415,8.7652445
1621523604444,-7.7439027,48.887196,14.222561
1621523604472,0.6859756,24.207317,13.1402445
1621523604501,-0.38109756,7.515244,5.335366
1621523604502,-0.16768293,1.2042683,7.2103662
1621523604532,-2.378049,2.1646342,6.3414636
1621523604561,-4.4817076,4.02439,4.771342
1621523604564,-5.8231707,2.5609756,3.6737807
1621523604592,-6.006098,0.25914633,3.6432927
1621523604621,-5.792683,-1.8445122,4.085366
1621523604623,-5.4420733,-2.820122,4.4664636
1621523604652,-4.64939,-2.0884147,4.9542685
1621523604683,-4.085366,-0.10670732,5.8536587
1621523604683,-3.3536587,2.3932927,8.39939
1621523604711,-2.3018293,5.137195,11.570122
1621523604743,-2.3932927,7.6067076,13.170732
1621523604744,-3.292683,9.085366,13.1402445
1621523604771,-3.7195122,10.259147,13.262196
1621523604801,-4.420732,11.935976,14.771342
1621523604801,-5.7164636,12.103659,16.661585
1621523604830,-7.9573174,11.737805,19.72561
1621523604861,-10.030488,9.695122,21.432928
1621523604861,-13.20122,6.295732,22.881098
1621523604891,-18.27744,1.9969512,26.40244
1621523604920,-24.466463,-3.6890244,31.20427
1621523604920,-44.161587,-8.490854,45.259148
1621523604951,-87.743904,-21.387196,72.89634
1621523604981,-152.63719,-59.664635,105.54878
1621523604981,-252.68294,-85.59451,156.93597
1621523605011,-383.82623,-114.74086,200.12196
1621523605041,-499.49695,-139.49695,255.2744
1621523605044,-457.75916,-126.08232,323.90244
1621523605072,-197.59146,-107.68293,305.18292
1621523605101,22.088415,-68.47561,215.5183
1621523605103,45.47256,97.576225,108.75
1621523605132,101.44817,82.36281,64.14634
1621523605161,220.42683,12.073171,-54.466465
1621523605163,112.27135,47.743904,-69.60366
1621523605192,77.560974,11.844513,-99.893295
1621523605222,103.79573,-30.746952,-159.55794
1621523605222,120.10671,-22.240854,-192.56097
1621523605252,142.51524,-22.774391,-203.93294
1621523605283,175.60976,-40.640244,-204.5427
1621523605283,209.77135,-45.32012,-195.24391
1621523605312,246.05183,-37.134148,-180.0
1621523605343,272.78964,-24.862806,-168.67378
1621523605344,268.7195,-19.146341,-175.28964
1621523605371,228.90245,-10.213415,-200.22867
1621523605401,169.92378,10.625,-225.54878
1621523605401,113.07927,11.280488,-238.21648
1621523605431,71.814026,-11.646341,-189.57318
1621523605461,32.45427,16.05183,-65.70122
1621523605461,21.310976,-1.4481708,41.82927
1621523605492,-3.4146342,-59.80183,99.72561
1621523605521,-112.65244,-40.442074,136.85976
1621523605522,-312.27136,165.01524,96.47866
1621523605552,-153.07927,36.768295,188.15549
1621523605581,148.56708,-13.521341,207.92683
1621523605581,10.411586,100.03049,19.405489
1621523605611,-3.765244,-10.106708,4.3445125
1621523605640,9.832317,-21.524391,2.3018293
1621523605643,-0.91463417,9.801829,3.765244
1621523605672,1.1737806,6.0518293,10.442074
1621523605701,-1.4329269,1.7682927,5.503049
1621523605703,-1.570122,1.9512196,7.9725614
1621523605732,-2.5304878,1.7378049,6.9969516
1621523605761,-3.628049,0.35060975,5.2286587
1621523605763,-3.9786587,-0.15243903,3.9634147
1621523605792,-3.8567073,-1.3262196,3.4298782
1621523605821,-3.125,-3.307927,2.9725611
1621523605823,-1.9512196,-2.5762196,4.1920733
1621523605852,-0.7621951,0.79268295,5.97561
1621523605883,0.65548784,5.0609756,7.6067076
1621523605883,1.6006098,9.192074,9.512196
1621523605912,2.2408538,12.271341,11.082317
1621523605944,3.0640244,15.533537,13.39939
1621523605944,3.3841465,18.506098,15.746952
1621523605972,2.835366,18.67378,16.95122
1621523606001,1.9359757,16.371952,17.606709
1621523606001,1.2957318,14.405488,18.307928
1621523606031,0.25914633,11.402439,19.512196
1621523606061,-2.027439,5.640244,21.234756
1621523606062,-7.9268293,0.625,27.393293
1621523606092,-17.789635,-4.253049,38.628048
1621523606121,-41.539635,-8.597561,60.77744
1621523606121,-114.98476,-28.948172,104.29878
1621523606153,-212.86586,-88.97866,130.94513
1621523606182,-348.4604,-169.1311,143.65854
1621523606182,-430.91464,-179.00916,172.59146
1621523606213,-499.49695,-110.335365,233.93294
1621523606241,-408.5366,-35.625,286.4634
1621523606244,-164.2683,60.990856,262.05792
1621523606273,-89.92378,139.39024,143.76524
1621523606301,109.268295,106.84451,55.32012
1621523606303,320.01526,49.25305,29.92378
1621523606331,223.49086,133.90244,72.743904
1621523606391,176.96646,77.68293,34.740856
1621523606392,179.58842,-7.4695125,-76.02135
1621523606392,159.20732,-25.381098,-164.7561
1621523606421,128.68903,-8.932927,-211.3872
1621523606423,126.70732,-28.567074,-238.75
1621523606452,149.35976,-52.088417,-253.35367
1621523606482,179.4817,-57.591465,-253.09451
1621523606482,207.83537,-62.469513,-242.95732
1621523606512,230.48781,-64.45122,-228.00305
1621523606544,231.40245,-43.44512,-223.94818
1621523606544,210.59451,-17.881098,-233.44513
1621523606602,177.45427,-2.9420733,-234.49696
1621523606603,156.37195,-12.667684,-210.47256
1621523606603,130.15244,11.920732,-138.67378
1621523606631,82.17988,30.091465,-36.417683
1621523606662,30.990854,-22.713415,48.62805
1621523606691,-32.560978,-69.02439,96.96647
1621523606693,-110.121956,-25.54878,119.801834
1621523606722,-297.89636,174.83232,98.91769
1621523606751,-225.57927,197.97256,120.73171
1621523606754,-107.66769,-92.45427,220.8994
1621523606782,-81.996956,-92.42378,198.35367
1621523606812,26.006098,99.085365,44.268295
1621523606812,16.158537,29.92378,19.588415
1621523606842,17.42378,8.7652445,15.594513
1621523606873,11.966464,31.067074,11.692074
1621523606873,0.28963414,15.259147,6.615854
1621523606902,-2.9268293,4.359756,5.7164636
1621523606934,-3.887195,1.722561,4.3292685
1621523606934,-4.4512196,0.16768293,4.512195
1621523606961,-5.7164636,1.6768293,1.7530488
1621523606991,-5.289634,2.9420733,1.2652439
1621523606991,-5.7164636,3.3384147,1.2957318
1621523607021,-5.4420733,1.7682927,1.3262196
1621523607051,-4.7865853,0.86890244,2.7743902
1621523607052,-4.237805,1.9359757,4.131098
1621523607083,-3.4146342,3.9634147,5.655488
1621523607112,-2.4847562,6.7073174,7.027439
1621523607112,-1.9512196,10.0,9.344512
1621523607142,-2.835366,13.39939,12.682927
1621523607172,-4.009146,15.304878,15.472561
1621523607172,-4.9542685,15.518293,17.286585
1621523607202,-5.625,14.314025,18.734756
1621523607232,-6.128049,13.277439,19.45122
1621523607233,-8.460366,9.45122,20.045732
1621523607262,-11.036586,4.8323174,22.256098
1621523607292,-14.253049,1.2347561,24.557928
1621523607294,-18.140244,-4.908537,26.082317
1621523607322,-18.064024,-16.646341,27.22561
1621523607351,-28.856709,-36.646343,30.213415
1621523607354,-110.04573,-49.64939,55.80793
1621523607382,-189.52745,-82.77439,100.65549
1621523607412,-279.64938,-110.71647,143.93294
1621523607412,-416.34146,-147.31708,203.32318
1621523607442,-475.12195,-162.40854,297.16464
1621523607473,-311.72256,-34.344513,361.37195
1621523607473,21.17378,47.439026,325.7622
1621523607502,12.22561,43.55183,202.37805
1621523607532,22.621952,19.832317,23.20122
1621523607532,85.243904,58.810978,-82.59147
1621523607560,62.713417,98.597565,-102.45427
1621523607590,43.170734,72.89634,-113.018295
1621523607592,81.631096,29.969513,-146.72256
1621523607621,112.72866,35.0,-171.58537
1621523607652,135.60976,42.439026,-181.89024
1621523607653,167.3933,22.987806,-189.69513
1621523607684,199.58842,4.7865853,-195.35062
1621523607712,224.90854,-6.2042685,-197.83537
1621523607712,248.78049,-28.399391,-197.57622
1621523607742,269.74084,-57.637196,-193.2622
1621523607772,271.72256,-58.871952,-194.57318
1621523607772,236.70732,-45.914635,-208.67378
1621523607803,163.8567,-32.515244,-228.36891
1621523607832,90.0,-25.396341,-230.09146
1621523607834,45.442074,35.396343,-161.90549
1621523607863,30.77744,78.2622,-52.896343
1621523607891,19.573172,11.60061,38.5061
1621523607893,-103.597565,-21.60061,111.79878
1621523607922,-299.05487,147.8811,136.69208
1621523607951,-248.84148,-23.856709,182.7744
1621523607953,42.92683,-162.6067,137.68294
1621523607982,72.69817,71.61585,39.253048
1621523608012,-10.655488,33.536587,11.996951
1621523608012,23.399391,-18.612804,11.829268
1621523608042,12.591464,24.557928,11.722561
1621523608074,7.698171,18.262196,14.29878
1621523608074,6.52439,3.277439,8.612805
1621523608131,3.7042685,5.5640244,11.52439
1621523608132,-1.0213414,8.810976,13.871951
1621523608133,-4.268293,9.009147,13.185976
1621523608161,-5.5487804,8.841464,12.728659
1621523608192,-5.4115853,6.4939027,11.143293
1621523608192,-4.009146,3.5213416,10.304878
1621523608221,-2.7286587,1.0518293,8.7652445
1621523608251,-0.85365856,-0.13719513,8.67378
1621523608251,0.6859756,1.2042683,9.131098
1621523608282,1.6615855,3.0945122,9.039635
1621523608312,2.9420733,5.5640244,9.542684
1621523608312,3.9939024,7.987805,10.259147
1621523608342,4.710366,8.7652445,10.716464
1621523608372,4.2987804,8.04878,10.929878
1621523608372,3.1097562,6.112805,11.371951
1621523608403,2.2865853,3.3993902,11.189025
1621523608432,2.6067073,0.27439025,12.073171
1621523608433,2.820122,-2.5,13.871951
1621523608463,1.3719512,-6.0670733,16.32622
1621523608491,-0.6402439,-15.442074,23.414635
1621523608493,1.0060976,-38.85671,39.557926
1621523608522,-12.530488,-69.54269,58.5061
1621523608551,-109.801834,-34.786587,100.472565
1621523608553,-224.87805,-96.89024,151.72256
1621523608583,-297.48477,-211.09756,194.39024
1621523608612,-331.61588,-128.10976,238.59756
1621523608612,-308.8872,-20.320122,305.36588
1621523608643,-181.20427,75.03049,352.8049
1621523608673,-171.34146,177.62195,306.3872
1621523608674,-75.73171,70.27439,168.2317
1621523608702,153.04878,-10.670732,8.658537
1621523608732,139.80183,77.256096,-37.2561
1621523608732,63.475613,74.58842,-41.646343
1621523608761,70.625,-21.280489,-92.926834
1621523608791,96.768295,-49.17683,-141.09756
1621523608792,105.27439,-17.408537,-165.04573
1621523608821,122.05793,-17.881098,-184.40549
1621523608852,144.4817,-34.7561,-201.9817
1621523608881,161.5244,-33.65854,-216.37196
1621523608883,173.0183,-24.375,-225.33537
1621523608912,185.09146,-20.228659,-224.92378
1621523608942,203.2317,-18.643293,-216.50916
1621523608972,218.15549,-6.097561,-201.26524
1621523608972,216.40245,17.30183,-183.49086
1621523609001,193.79573,16.646341,-171.99695
1621523609003,153.62805,-10.990854,-146.3567
1621523609032,95.44208,-6.9969516,-88.10976
1621523609062,39.72561,-8.841464,-29.95427
1621523609062,-11.097561,-41.143295,8.658537
1621523609092,-63.475613,-46.417683,40.487804
1621523609124,-134.7561,-4.9390244,66.26524
1621523609124,-282.95734,123.35366,67.835365
1621523609151,-327.5,244.375,96.40244
1621523609181,-126.92074,-105.32012,188.10976
1621523609182,99.19208,-48.59756,75.59451
1621523609210,17.256098,90.22866,29.481709
1621523609241,20.655489,-4.420732,21.631098
1621523609243,15.243903,13.643293,6.585366
1621523609273,-2.378049,32.378048,6.9817076
1621523609301,-2.195122,13.292684,10.243902
1621523609301,-4.908537,7.240854,8.948171
1621523609331,-7.667683,6.4481707,10.304878
1621523609361,-9.222561,5.27439,8.47561
1621523609361,-9.72561,4.7865853,7.057927
1621523609390,-10.121951,3.6890244,6.1737804
1621523609420,-10.655488,1.9359757,5.7469516
1621523609421,-10.381098,0.85365856,6.417683
1621523609452,-8.795732,3.0640244,8.902439
1621523609481,-6.905488,6.905488,10.518293
1621523609483,-6.1737804,10.929878,10.777439
1621523609511,-4.878049,13.04878,11.585366
1621523609541,-3.75,14.070123,13.414635
1621523609543,-2.4085367,14.070123,14.817074
1621523609572,-1.2042683,12.545732,15.27439
1621523609601,0.18292683,11.753049,17.210367
1621523609603,0.79268295,12.179878,20.091463
1621523609632,-0.030487806,9.542684,21.509148
1621523609663,-3.6432927,3.8262196,22.103659
1621523609663,-8.185976,-5.8384147,20.807928
1621523609692,-14.618903,-21.554878,18.932928
1621523609724,-50.564026,-40.42683,40.609756
1621523609724,-159.86281,-56.189026,112.80488
1621523609751,-256.1433,-118.70427,144.40549
1621523609782,-368.5366,-163.78049,189.8933
1621523609782,-489.22256,-159.93903,262.37805
1621523609811,-499.49695,-49.466465,344.1311
1621523609840,-423.62805,40.396343,352.59146
1621523609842,-123.58232,-32.393295,234.63416
1621523609873,88.32317,84.32927,126.768295
1621523609901,173.56708,137.17989,47.2561
1621523609902,232.72867,47.286587,-5.381098
1621523609931,178.52135,33.963417,-49.80183
1621523609961,188.20122,-11.417684,-131.75305
1621523609961,201.44818,-28.033537,-205.77745
1621523609990,200.60976,-42.469513,-250.10672
1621523610021,202.13416,-76.12805,-281.92075
1621523610022,205.50305,-84.893295,-301.32623
1621523610053,214.49696,-58.734756,-301.64636
1621523610081,223.73476,-22.118902,-294.45123
1621523610083,232.60672,19.618902,-295.6555
1621523610112,236.18903,73.15549,-278.03354
1621523610141,214.375,99.268295,-202.8811
1621523610142,184.20732,91.722565,-54.939026
1621523610172,150.36586,49.466465,77.17988
1621523610201,31.539635,-124.39024,75.85366
1621523610203,-217.7744,-78.00305,55.518295
1621523610232,-369.46646,65.45732,139.69513
1621523610263,-153.2927,26.189026,250.15245
1621523610263,77.65244,-27.637196,61.966465
1621523610292,13.1402445,44.07012,14.908537
1621523610324,-0.6097561,-26.95122,-3.628049
1621523610324,5.137195,-14.588415,-9.054878
1621523610351,-0.27439025,14.878049,17.393293
1621523610381,-1.6310976,-0.18292683,12.804878
1621523610382,-3.9939024,-5.289634,8.155488
1621523610411,-4.054878,-1.2042683,8.079268
1621523610441,-5.655488,1.0823171,9.847561
1621523610442,-3.2317073,0.09146342,7.7439027
1621523610472,-0.88414633,0.33536586,7.240854
1621523610501,-1.0365853,1.9969512,8.506098
1621523610501,-0.80792683,2.835366,9.3902445
1621523610531,-0.7469512,3.1707318,8.689025
1621523610561,-0.9756098,4.4817076,9.939025
1621523610561,-0.5030488,6.7987804,13.109756
1621523610591,0.79268295,9.527439,16.432928
1621523610621,1.9817073,12.484756,17.835367
1621523610624,3.7347562,13.841464,18.810976
1621523610653,3.5060976,12.42378,21.341463
1621523610681,2.2408538,8.719512,22.804878
1621523610683,1.5396342,3.9939024,21.12805
1621523610713,1.1280488,-2.7134147,18.140244
1621523610741,-2.027439,-11.783537,17.149391
1621523610742,-8.353659,-30.77744,13.567074
1621523610773,-38.094513,-50.27439,19.25305
1621523610801,-112.19512,-64.20732,76.08232
1621523610804,-209.49696,-85.82317,153.61281
1621523610832,-335.8384,-132.75916,217.46951
1621523610863,-440.09146,-124.7561,258.21646
1621523610864,-426.02136,-60.15244,305.47256
1621523610892,-146.6311,-63.734756,289.2988
1621523610924,-68.689026,72.789635,242.17989
1621523610924,-17.621952,155.3811,161.5244
1621523610951,215.06097,41.935978,16.371952
1621523610982,192.65245,110.518295,-41.128048
1621523610982,119.95427,132.40854,-62.21037
1621523611012,122.576225,73.04878,-121.051834
1621523611042,136.49391,39.7561,-172.92683
1621523611043,140.0,50.10671,-195.32013
1621523611072,160.32013,38.734756,-205.60976
1621523611103,190.39635,2.9420733,-211.57013
1621523611103,220.80794,-28.536587,-216.44818
1621523611131,246.06708,-51.295734,-220.5183
1621523611160,249.71037,-51.417683,-227.22562
1621523611190,211.26524,-34.192074,-250.92989
1621523611192,148.29268,-45.625,-290.0305
1621523611222,93.38415,-79.29878,-298.07928
1621523611224,61.387196,7.22561,-203.5061
1621523611253,56.996952,95.04573,-52.042683
1621523611283,40.167683,34.878048,58.810978
1621523611312,-16.539635,-90.381096,95.41159
1621523611312,-119.32927,-63.109756,114.46647
1621523611342,-254.71037,94.00915,94.02439
1621523611371,-273.6433,159.32927,43.23171
1621523611371,95.41159,-64.96951,101.79878
1621523611402,14.176829,65.18293,14.64939
1621523611432,-29.237806,60.640244,8.7652445
1621523611432,4.3445125,-0.86890244,7.9268293
1621523611462,-6.539634,17.591463,0.030487806
1621523611491,-9.375,17.012196,6.890244
1621523611491,-8.963415,5.929878,5.396342
1621523611522,-10.137196,4.0701222,4.1920733
1621523611552,-9.542684,4.0701222,8.246951
1621523611552,-10.0152445,3.5365853,7.22561
1621523611582,-11.158537,1.875,4.8170733
1621523611612,-12.57622,0.13719513,2.515244
1621523611612,-14.192074,-1.5091463,2.057927
1621523611642,-10.35061,-3.7804878,2.8810976
1621523611672,-9.634147,-2.652439,4.5884147
1621523611673,-8.780488,2.1189024,7.4237804
1621523611702,-7.865854,7.2103662,8.612805
1621523611732,-7.3475614,11.631098,9.634147
1621523611734,-6.6920733,15.685976,12.118903
1621523611762,-5.8841467,18.978659,14.786586
1621523611791,-4.710366,19.634148,16.158537
1621523611793,-5.9451222,18.262196,17.530489
1621523611851,-6.6768293,18.536585,21.95122
1621523611911,-7.271342,19.131098,26.646341
1621523611913,-10.060976,15.884147,29.542685
1621523611913,-14.161586,9.969512,31.631098
1621523611915,-19.375,1.875,31.158537
1621523611915,-27.073172,-11.8902445,26.82927
1621523611942,-41.371952,-33.03354,23.993902
1621523611971,-111.539635,-50.564026,64.67988
1621523611971,-192.48476,-89.756096,120.701225
1621523612001,-286.26526,-148.67378,192.37805
1621523612032,-437.0427,-197.28659,298.84146
1621523612032,-499.49695,-172.0427,373.6738
1621523612062,-227.36281,-23.414635,427.11893
1621523612091,80.16769,104.60366,276.69208
1621523612091,-9.435976,159.55794,155.48781
1621523612121,50.289635,100.289635,19.786587
1621523612151,86.951225,53.521343,-64.07012
1621523612151,26.067074,93.125,-81.55488
1621523612181,39.588417,69.847565,-130.83842
1621523612211,83.38415,43.338417,-174.60367
1621523612211,114.25305,49.390244,-186.96646
1621523612241,145.625,42.484756,-191.34146
1621523612271,185.25916,20.381098,-199.43597
1621523612272,224.92378,7.637195,-205.42683
1621523612302,256.58536,-6.585366,-206.25
1621523612331,277.4238,-37.118904,-204.28354
1621523612334,279.7866,-57.271343,-210.30489
1621523612362,257.43903,-53.35366,-235.32013
1621523612391,200.41159,-41.585365,-266.6311
1621523612393,120.77744,-88.62805,-282.65244
1621523612422,45.823174,-76.57012,-206.6311
1621523612453,18.70427,18.429878,-72.82012
1621523612453,28.82622,17.804878,22.256098
1621523612482,-2.1189024,-67.53049,78.07927
1621523612512,-133.55183,-21.859756,124.54269
1621523612512,-342.95734,129.00916,132.34756
1621523612541,-195.64024,-55.53354,239.46648
1621523612601,-51.25,124.57317,148.76524
1621523612602,4.9390244,90.746956,13.1402445
1621523612602,4.390244,-33.32317,-6.3109756
1621523612632,1.3719512,0.7012195,0.32012194
1621523612633,-7.14939,16.60061,9.527439
1621523612663,-9.954268,11.844513,14.756098
1621523612691,-10.990854,10.777439,14.3902445
1621523612691,-11.204268,11.310976,16.189024
1621523612721,-10.472561,13.323171,15.884147
1621523612752,-9.435976,13.856708,15.609756
1621523612752,-8.658537,11.859756,14.207317
1621523612783,-8.04878,9.3902445,12.362805
1621523612812,-7.1341467,8.567074,11.981708
1621523612812,-5.5487804,9.756098,13.536586
1621523612842,-4.7865853,11.112805,14.070123
1621523612871,-3.8567073,10.731708,13.292684
1621523612873,-2.7896342,11.067074,13.216464
1621523612903,-1.6768293,13.82622,14.4207325
1621523612932,-0.12195122,16.615854,16.631098
1621523612934,0.9756098,17.667683,18.75
1621523612963,2.2408538,16.814024,22.271341
1621523612991,1.7073171,14.45122,26.432928
1621523612993,-2.3018293,10.167684,29.573172
1621523613022,-5.365854,3.948171,31.67683
1621523613051,-7.9268293,-7.7439027,31.478659
1621523613052,-15.914635,-32.362804,38.521343
1621523613080,-111.46342,-25.518293,116.85976
1621523613111,-197.02745,-61.417683,191.66159
1621523613111,-313.6433,-157.97256,247.5
1621523613141,-431.57013,-163.6433,306.43292
1621523613171,-405.32013,16.356709,378.52136
1621523613171,-58.97866,5.335366,377.40854
1621523613200,13.506098,67.46951,301.9055
1621523613230,-16.067074,52.02744,107.393295
1621523613231,172.57622,-94.5122,-72.301834
1621523613292,95.335365,6.112805,-100.99085
1621523613293,51.890244,-16.60061,-105.39635
1621523613293,92.36281,-91.64635,-146.70732
1621523613321,126.676834,-96.12805,-176.49391
1621523613350,143.47562,-79.77135,-192.19513
1621523613351,163.20122,-96.20427,-205.85367
1621523613380,181.81403,-116.93598,-214.66464
1621523613411,188.75,-116.89024,-218.73476
1621523613440,183.79573,-89.55793,-218.6433
1621523613442,171.79878,-53.567074,-220.2744
1621523613470,166.95122,-35.990856,-232.40854
1621523613501,164.67989,-22.164635,-246.92073
1621523613502,146.17378,-3.003049,-252.3933
1621523613531,119.98476,5.609756,-241.20427
1621523613560,103.10976,40.47256,-169.16159
1621523613561,89.32927,73.67378,-50.3811
1621523613590,75.59451,26.67683,43.871952
1621523613620,15.091464,-49.268295,90.82317
1621523613621,-178.35367,11.006098,119.893295
1621523613651,-355.77744,230.18294,91.28049
1621523613680,-161.23476,-93.03354,126.15854
1621523613681,121.539635,6.875,134.87805
1621523613711,43.155487,140.44208,58.93293
1621523613740,-6.890244,35.655487,16.234756
1621523613742,15.442074,11.432927,3.628049
1621523613770,-0.77743906,41.036587,11.737805
1621523613801,-5.655488,24.756098,10.335366
1621523613801,-6.0670733,12.408537,5.8231707
1621523613831,-6.6768293,12.088415,8.75
1621523613860,-8.064025,9.192074,7.652439
1621523613862,-8.033537,4.4664636,5.518293
1621523613890,-6.783537,1.6158537,4.664634
1621523613920,-6.0365853,-0.06097561,4.253049
1621523613923,-5.777439,-0.99085367,4.2987804
1621523613950,-5.2134147,-1.2042683,4.390244
1621523613980,-3.9786587,0.35060975,5.4268293
1621523613981,-2.682927,3.0335367,6.783537
1621523614011,-2.2865853,5.167683,7.789634
1621523614042,-2.0731707,7.5914636,9.329268
1621523614042,-1.7378049,10.320122,11.112805
1621523614072,-2.027439,10.868903,12.606708
1621523614103,-2.5762196,9.375,15.07622
1621523614103,-3.2012196,6.7073174,18.00305
1621523614131,-3.5060976,3.75,20.50305
1621523614162,-5.1067076,1.1432927,23.871952
1621523614162,-11.814025,1.6768293,30.640245
1621523614191,-22.820122,3.8414636,41.448174
1621523614221,-49.588417,7.3170733,59.618904
1621523614223,-96.46342,-9.496951,81.47866
1621523614253,-173.09451,-49.146343,113.15549
1621523614281,-280.77744,-97.51524,165.80794
1621523614281,-409.4055,-128.73476,214.40549
1621523614313,-499.49695,-178.20122,279.4055
1621523614341,-485.50305,-150.99086,320.39636
1621523614342,-171.29573,4.64939,340.50305
1621523614370,49.862804,-18.20122,277.4695
1621523614401,36.295734,45.32012,111.82927
1621523614401,190.1067,-5.8689027,-16.417683
1621523614431,157.31708,50.53354,-79.314026
1621523614461,103.8872,33.780487,-115.67073
1621523614462,129.86281,-30.70122,-180.8994
1621523614492,155.19818,-31.021341,-229.96951
1621523614521,175.30489,-17.545732,-251.32623
1621523614522,207.07318,-34.32927,-261.52438
1621523614552,240.44208,-52.591465,-266.15854
1621523614581,269.52744,-42.835365,-256.85977
1621523614583,284.69513,-16.189024,-242.10367
1621523614612,278.07928,-2.1036587,-251.875
1621523614642,264.87805,36.692074,-271.69208
1621523614642,216.25,48.97866,-281.4177
1621523614672,150.13719,14.542684,-211.60062
1621523614702,90.71647,54.420734,-40.89939
1621523614702,53.03354,10.503049,67.71342
1621523614731,-30.15244,-102.393295,86.29573
1621523614762,-257.1189,68.30793,114.16159
1621523614762,-276.81403,98.39939,139.22256
1621523614791,67.91159,-83.10976,264.83234
1621523614822,-15.6402445,216.23476,147.07318
1621523614822,-14.984756,62.042683,9.02439
1621523614852,7.515244,-43.125,-2.682927
1621523614881,-6.3414636,10.609756,6.0823174
1621523614882,-7.1189027,7.9115853,12.621951
1621523614912,-8.490854,-6.387195,4.0701222
1621523614942,-7.515244,-6.646342,7.012195
1621523614942,-6.585366,-4.1768293,10.670732
1621523614973,-7.1951222,-2.7896342,8.125
1621523615002,-6.8140244,-1.2195122,6.539634
1621523615002,-5.929878,-0.28963414,6.0365853
1621523615032,-4.1615853,0.06097561,5.182927
1621523615061,-2.7743902,0.5792683,3.5975611
1621523615063,-1.8140244,2.4542685,3.0640244
1621523615093,-0.92987806,5.030488,5.0609756
1621523615122,-0.6707317,5.472561,7.0731707
1621523615124,-0.80792683,6.265244,7.5
1621523615152,-0.24390244,10.0152445,7.5762196
1621523615181,0.32012194,14.176829,8.597561
1621523615183,0.27439025,16.280489,11.189025
1621523615212,-1.8292683,14.268293,14.02439
1621523615242,-6.4634147,7.6219516,17.560976
1621523615242,-14.664635,3.323171,26.006098
1621523615272,-32.393295,5.1981707,44.664635
1621523615303,-46.219513,5.7012196,66.493904
1621523615303,-67.04269,-4.512195,86.52439
1621523615331,-120.01524,-24.22256,104.81708
1621523615361,-210.625,-72.85061,134.10062
1621523615361,-312.7134,-90.41159,158.56708
1621523615390,-452.69818,-108.8872,190.92989
1621523615421,-499.49695,-138.56708,263.3689
1621523615422,-441.31097,-81.50915,328.97867
1621523615452,-150.21342,-96.371956,303.30792
1621523615482,5.89939,-3.8414636,199.03964
1621523615482,19.054878,128.90244,51.493904
1621523615512,234.46648,68.78049,-47.34756
1621523615542,174.34451,96.585365,-42.19512
1621523615542,105.89939,54.588417,-39.664635
1621523615573,126.47866,-12.621951,-108.78049
1621523615602,135.18292,11.204268,-171.17378
1621523615602,139.77135,32.8811,-204.00916
1621523615632,160.74695,4.1615853,-221.26524
1621523615661,186.23476,-20.564024,-225.99086
1621523615663,215.3811,-24.771341,-223.21646
1621523615693,248.18597,-25.54878,-216.06708
1621523615721,271.2805,-34.32927,-207.97256
1621523615724,278.0488,-45.85366,-208.65854
1621523615752,259.42075,-34.390244,-219.35976
1621523615781,212.2561,-20.442074,-236.11281
1621523615812,156.72256,-53.795734,-245.65549
1621523615812,104.81708,-31.554878,-182.48476
1621523615842,66.06708,44.664635,-56.52439
1621523615871,23.246952,26.371952,45.762196
1621523615871,-45.960365,-87.91159,74.95427
1621523615902,-199.92378,-33.307926,89.25305
1621523615932,-404.80185,269.8933,81.50915
1621523615932,-192.48476,-23.719513,223.32318
1621523615961,55.396343,-6.9512196,174.34451
1621523615992,24.984756,137.95732,42.012196
1621523615992,22.759148,-5.777439,1.7835367
1621523616022,10.320122,7.1189027,2.5304878
1621523616051,-0.30487806,17.22561,8.978659
1621523616053,-0.30487806,9.710366,8.917684
1621523616082,-3.292683,7.057927,10.762196
1621523616111,-5.121951,6.1890244,12.637196
1621523616112,-7.865854,3.5060976,11.295732
1621523616142,-9.542684,2.5609756,10.655488
1621523616171,-9.542684,2.4542685,9.344512
1621523616173,-9.72561,1.25,9.146341
1621523616202,-9.64939,-0.5487805,9.542684
1621523616231,-9.115854,-1.097561,10.792684
1621523616234,-7.378049,0.076219514,11.509147
1621523616262,-4.847561,2.2713416,10.945122
1621523616293,-3.0792685,4.512195,10.655488
1621523616293,-1.722561,7.682927,12.469513
1621523616321,-0.19817074,11.52439,14.375
1621523616352,0.83841467,12.439025,15.442074
1621523616352,-0.13719513,9.64939,16.707317
1621523616381,-1.8445122,3.7804878,18.140244
1621523616411,-4.6189027,-2.042683,21.890244
1621523616413,-8.902439,-7.987805,28.963415
1621523616443,-35.594513,-10.594512,46.20427
1621523616471,-83.29269,-24.054878,65.18293
1621523616472,-137.62195,-58.094513,73.643295
1621523616503,-246.29573,-102.98781,96.875
1621523616532,-373.41464,-153.49086,137.10367
1621523616532,-487.05795,-192.62195,206.06708
1621523616562,-452.98782,-154.45122,324.07013
1621523616592,-322.4238,-66.143295,376.23477
1621523616592,-14.02439,-142.17989,285.48782
1621523616622,35.94512,-5.4420733,185.1677
1621523616651,97.80488,99.19208,90.54878
1621523616653,239.43597,58.75,0.92987806
1621523616682,120.518295,107.24085,-30.868902
1621523616711,67.27134,51.082317,-89.314026
1621523616712,75.04573,6.387195,-163.53659
1621523616742,85.97561,20.07622,-203.99391
1621523616772,111.66159,33.292683,-221.26524
1621523616772,151.18903,27.667683,-225.82318
1621523616802,191.55489,19.95427,-216.64635
1621523616831,228.73476,6.3414636,-202.3933
1621523616834,256.18903,-16.615854,-190.83842
1621523616862,274.17685,-33.44512,-184.23781
1621523616894,274.49695,-18.00305,-191.40245
1621523616894,246.46342,3.0792685,-214.61891
1621523616921,201.81403,12.164635,-230.04573
1621523616951,153.2927,-23.384148,-221.49391
1621523616951,103.71951,-31.265245,-150.56403
1621523616981,69.847565,3.0640244,-35.94512
1621523617012,35.990856,-12.606708,61.539635
1621523617012,-23.993902,-63.094513,114.314026
1621523617042,-219.95427,29.32927,136.9817
1621523617071,-347.19513,208.09451,146.3567
1621523617072,110.076225,-150.59451,164.46646
1621523617102,36.021343,76.189026,32.72866
1621523617131,-16.067074,17.088415,5.0914636
1621523617131,7.7591467,6.128049,2.4847562
1621523617160,4.2987804,29.664635,14.45122
1621523617191,-0.6402439,12.073171,10.335366
1621523617191,-1.9359757,5.152439,10.564025
1621523617221,-2.2408538,3.1097562,11.996951
1621523617250,-5.0609756,0.030487806,8.292683
1621523617253,-6.8445125,-2.515244,6.265244
1621523617283,-7.4542685,-4.9390244,5.015244
1621523617311,-6.25,-6.280488,5.503049
1621523617312,-6.3567076,-6.128049,4.8323174
1621523617342,-5.640244,-3.8262196,5.396342
1621523617371,-3.3384147,0.47256097,7.667683
1621523617374,-2.1341465,3.612805,9.359756
1621523617402,-1.1585366,6.585366,11.17378
1621523617433,0.42682928,9.92378,12.881098
1621523617433,1.3109757,11.310976,14.603659
1621523617462,1.8902439,9.817074,16.79878
1621523617494,1.9664634,5.7012196,21.143293
1621523617494,-3.2012196,1.8445122,29.84756
1621523617521,-13.155488,1.9817073,41.859756
1621523617551,-24.496952,1.5243902,52.30183
1621523617551,-43.27744,-1.0213414,62.713417
1621523617581,-77.789635,-16.09756,77.53049
1621523617612,-130.97562,-58.490856,101.768295
1621523617613,-252.5,-83.96342,150.19818
1621523617642,-389.31403,-113.79573,203.09451
1621523617672,-499.49695,-133.84146,255.53354
1621523617672,-472.68295,-175.28964,315.2439
1621523617702,-207.0427,-115.3811,316.11282
1621523617732,-49.115856,-44.298782,249.90854
1621523617732,48.03354,81.06708,124.43598
1621523617761,262.48477,78.17073,62.484756
1621523617792,249.23781,124.86281,36.35671
1621523617792,147.30183,103.90244,3.2012196
1621523617822,112.60671,31.067074,-86.96647
1621523617851,102.164635,19.405489,-172.0427
1621523617853,93.39939,51.09756,-215.86891
1621523617883,110.10671,57.30183,-232.56097
1621523617911,150.09146,43.109756,-231.92073
1621523617912,197.0427,26.09756,-219.00916
1621523617943,242.86586,-2.5304878,-199.20732
1621523617972,283.41464,-39.28354,-170.64024
1621523618002,290.97562,-58.93293,-150.77744
1621523618003,248.15549,-59.832317,-164.1311
1621523618033,179.58842,-44.664635,-194.61891
1621523618033,117.743904,-7.5,-216.11281
1621523618062,79.085365,-5.030488,-233.59756
1621523618092,45.716465,-58.917683,-227.2561
1621523618122,6.554878,-46.09756,-146.9817
1621523618122,-3.6585367,-6.1737804,-31.890245
1621523618150,-0.076219514,-13.856708,42.682926
1621523618180,-22.85061,-54.359756,71.96647
1621523618181,-78.125,-56.43293,76.996956
1621523618211,-282.2561,113.47561,41.57012
1621523618241,-343.68903,206.50916,-37.865856
1621523618242,-144.84756,-140.88416,154.6494
1621523618271,46.25,62.469513,168.32318
1621523618300,15.945123,93.62805,18.963415
1621523618303,10.670732,-24.054878,-7.1341467
1621523618332,12.530488,0.09146342,1.0823171
1621523618361,-1.2042683,26.707317,7.4847565
1621523618363,-0.16768293,12.743903,7.0884147
1621523618393,-1.097561,6.60061,7.9725614
1621523618421,-4.420732,4.9695125,5.609756
1621523618424,-5.609756,5.0,5.487805
1621523618452,-6.875,4.390244,4.359756
1621523618483,-7.1036587,2.042683,3.0792685
1621523618484,-5.7012196,2.210366,4.64939
1621523618512,-2.210366,2.9420733,6.52439
1621523618542,-0.12195122,4.8170733,8.582317
1621523618542,1.2652439,6.9969516,10.457317
1621523618572,2.3932927,9.64939,12.77439
1621523618601,3.5670733,11.509147,14.618903
1621523618601,4.420732,12.179878,15.121951
1621523618633,4.862805,12.027439,15.030488
1621523618661,4.9237804,11.570122,16.158537
1621523618662,5.655488,10.472561,19.359756
1621523618693,5.4115853,8.841464,21.570122
1621523618722,2.7591465,4.862805,20.77744
1621523618722,-1.0670732,-1.3719512,19.679878
1621523618751,-9.481708,-7.362805,24.024391
1621523618780,-46.05183,-2.652439,50.10671
1621523618781,-87.439026,-11.829268,95.73171
1621523618812,-126.996956,-39.588417,126.34147
1621523618842,-213.04878,-60.746952,140.39635
1621523618843,-320.80792,-101.57012,160.80794
1621523618872,-446.7683,-97.66769,198.99391
1621523618901,-499.49695,-87.65244,262.7134
1621523618903,-369.0854,-86.70732,305.10672
1621523618932,-93.5061,-74.664635,276.82928
1621523618962,-9.984756,14.359756,214.83232
1621523618964,43.689026,75.518295,130.01524
1621523618992,228.71951,-51.585365,35.655487
1621523619021,181.61586,2.8658538,-17.820122
1621523619024,135.3811,-1.2957318,-63.765244
1621523619052,131.44818,-36.72256,-130.2744
1621523619083,133.10976,-48.475613,-188.06403
1621523619084,141.75305,-45.94512,-225.5183
1621523619112,163.78049,-54.45122,-244.19208
1621523619142,194.81708,-65.868904,-249.07013
1621523619142,230.74696,-73.23171,-241.67683
1621523619171,264.19208,-66.43293,-222.48476
1621523619202,285.6555,-37.69817,-202.69818
1621523619202,271.70734,14.512196,-197.22562
1621523619232,225.96037,64.10061,-207.05794
1621523619290,170.65549,44.80183,-229.20732
1621523619291,130.15244,-0.7012195,-204.86281
1621523619292,101.17378,44.923782,-90.80793
1621523619321,66.097565,43.064026,50.396343
1621523619321,-25.320122,-52.57622,126.50915
1621523619350,-260.7622,74.435974,129.35976
1621523619380,-341.4177,152.53049,145.25916
1621523619381,-12.088415,-237.83537,166.47867
1621523619411,35.22866,157.0427,83.15549
1621523619441,-0.06097561,58.338417,12.22561
1621523619442,13.978659,-20.259148,-9.054878
1621523619473,3.140244,33.246952,7.0731707
1621523619501,1.402439,28.125,13.902439
1621523619503,0.36585367,9.527439,6.2347565
1621523619531,-1.2042683,2.4237804,4.390244
1621523619560,-2.8963416,1.3719512,5.35061
1621523619563,-4.6951222,0.36585367,5.015244
1621523619592,-5.289634,-3.2317073,3.9939024
1621523619621,-5.8384147,-3.4908538,5.381098
1621523619622,-6.021342,-1.6006098,6.3262196
1621523619651,-5.7012196,-0.32012194,6.0518293
1621523619681,-5.2286587,0.83841467,7.8201222
1621523619681,-4.634146,2.3932927,11.051829
1621523619712,-3.8262196,5.030488,14.329268
1621523619742,-2.7286587,6.0670733,16.006098
1621523619742,-1.8140244,5.4573174,17.22561
1621523619772,-1.3719512,4.375,18.643293
1621523619802,-1.3109757,3.2469513,21.75305
1621523619802,-3.887195,1.7682927,26.875
1621523619832,-13.643293,2.210366,35.77744
1621523619863,-23.963415,-0.19817074,42.10366
1621523619863,-49.32927,1.0518293,51.798782
1621523619892,-75.70122,-13.414635,65.22866
1621523619922,-111.097565,-33.643295,81.996956
1621523619922,-184.11586,-53.643295,103.96342
1621523619952,-275.32013,-97.04269,130.04573
1621523619981,-408.4299,-122.8811,182.82013
1621523619981,-499.49695,-150.88416,261.55487
1621523620013,-476.95123,-87.94208,350.88416
1621523620042,-258.58234,-27.02744,341.75305
1621523620042,24.496952,-25.121952,259.72562
1621523620073,57.469513,103.30793,165.76219
1621523620101,246.3872,0.36585367,60.457317
1621523620104,215.04573,16.310976,-23.70427
1621523620133,126.585365,27.667683,-72.07317
1621523620162,117.621956,-11.204268,-145.64024
1621523620162,124.92378,-17.591463,-209.29878
1621523620190,136.78354,-0.06097561,-245.94513
1621523620223,172.01219,2.1493902,-261.1738
1621523620223,217.69818,-9.939025,-262.17987
1621523620252,258.00305,-28.62805,-253.85672
1621523620282,281.67685,-41.875,-238.65854
1621523620311,278.70428,-54.17683,-231.02135
1621523620312,248.81097,-55.80793,-247.36281
1621523620342,207.43903,-46.692074,-277.4695
1621523620371,172.63719,-33.307926,-296.11282
1621523620373,152.98781,-8.810976,-259.2683
1621523620402,110.518295,56.935978,-140.24391
1621523620432,54.115856,51.417683,-14.4207325
1621523620434,-16.844513,-65.07622,39.1311
1621523620462,-90.35061,-100.15244,57.332317
1621523620491,-136.18903,-28.917683,63.338417
1621523620493,-254.81708,59.893295,70.71647
1621523620522,-414.9238,220.65549,120.35061
1621523620553,56.0061,-9.801829,297.1189
1621523620554,40.243904,112.31708,69.00915
1621523620582,-12.530488,10.853659,-7.530488
1621523620613,15.716464,-16.32622,1.2347561
1621523620614,-5.9451222,28.27744,6.3567076
1621523620641,-6.7987804,11.25,6.6920733
1621523620672,-8.7652445,3.1707318,6.402439
1621523620672,-8.902439,-0.36585367,11.158537
1621523620701,-9.283537,0.73170733,10.594512
1621523620731,-9.512196,2.1646342,7.5762196
1621523620732,-8.887196,0.41158536,5.045732
1621523620762,-7.9725614,-2.0884147,4.7865853
1621523620791,-5.5945125,-1.8292683,8.582317
1621523620792,-3.2012196,1.417683,11.2652445
1621523620823,-1.8292683,5.670732,11.570122
1621523620852,-2.042683,8.170732,9.10061
1621523620852,-2.057927,9.496951,7.637195
1621523620883,-1.3719512,10.89939,9.557927
1621523620911,-0.77743906,11.676829,12.195122
1621523620915,-0.42682928,11.646341,12.972561
1621523620943,-0.13719513,9.969512,14.10061
1621523620971,-0.91463417,6.432927,16.75305
1621523620973,-2.042683,1.4939024,21.60061
1621523621002,-2.9725611,-3.9939024,28.04878
1621523621032,-13.39939,-6.006098,39.28354
1621523621034,-37.789635,-3.932927,52.835365
1621523621062,-71.57012,-22.362806,65.01524
1621523621091,-140.74695,-54.984756,84.07012
1621523621093,-237.48476,-86.82927,120.77744
1621523621122,-320.48782,-111.768295,154.35976
1621523621151,-433.36893,-133.33842,190.24391
1621523621152,-499.49695,-160.2744,248.96342
1621523621182,-415.0,-169.22256,291.23477
1621523621215,-119.90854,-136.7683,279.98477
1621523621215,-11.981708,-28.307928,205.71646
1621523621241,16.493902,118.35366,120.3811
1621523621271,240.53354,12.835366,38.82622
1621523621271,198.97867,48.39939,11.158537
1621523621301,141.03659,34.817074,-31.707317
1621523621331,143.73476,-12.012196,-119.64939
1621523621332,146.29573,-8.719512,-186.21951
1621523621362,153.10976,6.8597565,-220.99086
1621523621391,177.68294,-7.4390244,-239.87805
1621523621392,207.37805,-24.359756,-244.74086
1621523621421,232.1494,-21.341463,-236.35672
1621523621451,257.69818,-8.932927,-223.14024
1621523621451,282.02744,-0.41158536,-216.08232
1621523621480,286.7988,25.259148,-223.90245
1621523621510,257.0427,73.018295,-245.28964
1621523621512,211.09756,71.676834,-256.67685
1621523621543,176.37195,72.37805,-176.12805
1621523621571,113.09451,73.07927,-18.871952
1621523621573,-5.960366,-29.070122,96.06708
1621523621602,-217.89635,5.7164636,138.33842
1621523621631,-370.25916,90.48781,149.45122
1621523621633,-82.256096,-170.21342,191.43294
1621523621663,101.051834,26.234756,115.35061
1621523621691,-0.15243903,71.60061,15.198171
1621523621693,11.036586,-13.932927,4.1463413
1621523621722,10.137196,30.213415,9.664635
1621523621754,0.8993903,38.795734,20.35061
1621523621754,-1.25,12.682927,9.29878
1621523621783,-2.210366,3.4756098,6.9359756
1621523621813,-3.307927,3.307927,8.917684
1621523621813,-5.121951,2.1341465,8.170732
1621523621841,-6.585366,0.06097561,6.402439
1621523621871,-6.6768293,-2.4390244,5.792683
1621523621871,-6.3414636,-3.1859758,7.1951222
1621523621901,-6.9512196,-2.378049,6.60061
1621523621931,-6.7073174,0.5640244,6.7225614
1621523621931,-4.984756,5.365854,9.10061
1621523621963,-3.307927,9.756098,11.204268
1621523621991,-3.003049,12.439025,11.615854
1621523621991,-2.820122,14.02439,12.012196
1621523622021,-2.8658538,15.304878,13.47561
1621523622052,-2.698171,16.661585,18.795732
1621523622052,-3.7957318,16.554878,27.210367
1621523622081,-10.060976,12.85061,34.64939
1621523622112,-19.84756,2.5914636,39.664635
1621523622113,-42.80488,-10.579268,49.22256
1621523622142,-87.5,-20.625,81.95122
1621523622171,-162.07318,-48.125,132.01219
1621523622173,-255.39635,-75.289635,182.89635
1621523622202,-385.97562,-132.75916,231.53964
1621523622231,-499.49695,-121.585365,314.49695
1621523622233,-459.4055,-112.17988,359.00916
1621523622262,-181.50916,-75.10671,322.7439
1621523622291,-17.256098,43.35366,229.35976
1621523622293,32.2561,162.74391,70.39634
1621523622322,209.86281,52.911587,-83.62805
1621523622351,128.04878,82.07317,-108.03354
1621523622352,78.85671,52.37805,-109.00915
1621523622381,103.643295,7.6219516,-150.04573
1621523622414,136.02135,5.8689027,-185.625
1621523622414,158.125,19.771341,-197.08842
1621523622442,180.70122,3.7195122,-198.30794
1621523622471,207.0122,-27.606709,-197.6372
1621523622472,235.15245,-49.618904,-202.46951
1621523622501,243.56708,-57.393295,-211.17378
1621523622532,223.36891,-57.80488,-222.54573
1621523622562,181.70732,-51.32622,-247.42378
1621523622563,131.93597,-40.213417,-283.23172
1621523622592,97.118904,-33.521343,-309.81708
1621523622621,85.04573,-24.29878,-292.5305
1621523622624,75.0,37.40854,-178.88719
1621523622652,59.25305,65.65549,-17.591463
1621523622681,-101.70732,59.07012,108.018295
1621523622683,-304.8933,232.51524,138.93294
1621523622712,-339.25305,222.30183,99.48171
1621523622742,-212.17989,-48.97866,117.98781
1621523622742,-109.085365,-266.95123,136.34146
1621523622772,62.98781,-26.570122,57.759148
1621523622803,18.384148,60.487804,27.682928
1621523622804,16.32622,4.237805,10.945122
1621523622831,0.8231707,38.094513,12.789635
1621523622861,0.7469512,31.219513,15.243903
1621523622862,-1.25,13.948171,10.503049
1621523622891,-2.9268293,6.402439,9.756098
1621523622922,-3.582317,3.948171,10.030488
1621523622923,-4.375,3.6890244,9.359756
1621523622953,-5.304878,3.0792685,7.804878
1621523622981,-5.396342,2.2408538,7.0731707
1621523622981,-5.0914636,2.362805,8.064025
1621523623012,-4.405488,2.057927,8.04878
1621523623042,-3.0792685,2.2865853,8.109756
1621523623042,-1.5243902,4.222561,10.35061
1621523623073,0.21341464,6.3567076,12.439025
1621523623102,1.6463414,8.643292,14.237805
1621523623103,3.3384147,10.838415,16.844513
1621523623133,3.9939024,11.432927,18.917683
1621523623162,4.9237804,11.722561,23.00305
1621523623163,3.9939024,11.280488,27.271341
1621523623193,-2.1493902,10.060976,33.03354
1621523623222,-14.207317,5.9451222,39.588417
1621523623224,-15.929878,-9.222561,43.90244
1621523623253,-21.493902,-35.655487,41.996952
1621523623281,-146.73781,-29.664635,96.40244
1621523623283,-250.19818,-49.67988,139.86281
1621523623312,-379.32928,-63.887196,191.78354
1621523623342,-496.93597,-121.31098,247.22562
1621523623342,-482.5305,-121.47866,316.61588
1621523623372,-237.37805,-123.689026,338.24695
1621523623404,58.170734,-110.03049,280.0
1621523623404,-21.09756,91.03659,163.21646
1621523623431,114.07012,47.65244,29.95427
1621523623462,155.64024,5.152439,-61.493904
1621523623462,72.22561,32.957317,-86.92073
1621523623491,68.07927,-15.35061,-135.32013
1621523623520,96.79878,-43.948174,-183.58232
1621523623521,120.746956,-36.60061,-207.33232
1621523623552,148.82622,-34.67988,-220.5183
1621523623581,184.8933,-49.786587,-227.91159
1621523623581,222.27135,-65.99085,-224.86281
1621523623612,242.62196,-67.5,-210.7317
1621523623642,241.875,-54.7561,-199.25305
1621523623642,225.24391,-37.591465,-208.21646
1621523623672,208.2927,-6.0518293,-233.96342
1621523623702,186.44818,34.512196,-260.64026
1621523623702,156.93597,48.155487,-278.52136
1621523623732,125.868904,23.460367,-272.60672
1621523623761,86.814026,38.185978,-193.47562
1621523623763,63.216465,46.798782,-59.618904
1621523623793,44.90854,4.3140244,52.8811
1621523623821,-61.966465,-40.457317,122.42378
1621523623824,-290.25916,182.05794,128.56708
1621523623852,-331.31097,198.68903,185.44208
1621523623881,-62.68293,-104.847565,233.8872
1621523623883,13.079268,71.55488,60.411587
1621523623912,15.716464,15.807927,12.682927
1621523623942,39.771343,-40.060978,12.073171
1621523623942,4.862805,12.378049,7.881098
1621523623972,4.9695125,-2.835366,11.646341
1621523624001,4.893293,-11.463415,6.4786587
1621523624002,1.8140244,-9.359756,11.737805
1621523624031,-1.2042683,-6.402439,12.408537
1621523624060,-3.5213416,-4.253049,11.036586
1621523624062,-4.4359756,-3.6890244,9.939025
1621523624091,-4.2987804,-5.2439027,8.521341
1621523624122,-3.628049,-5.4573174,9.29878
1621523624122,-2.682927,-4.3292685,9.832317
1621523624153,-1.5091463,-0.65548784,10.365854
1621523624181,-0.80792683,4.2987804,10.198171
1621523624182,0.79268295,7.378049,10.89939
1621523624212,2.6219513,9.085366,12.972561
1621523624242,3.6432927,11.082317,14.329268
1621523624242,4.283537,12.271341,15.609756
1621523624272,4.664634,12.606708,18.140244
1621523624302,5.0,11.920732,20.030489
1621523624304,4.710366,9.817074,20.655489
1621523624332,3.7804878,4.131098,21.463415
1621523624361,2.210366,-2.9420733,23.094513
1621523624363,2.8963416,-8.597561,24.237806
1621523624393,-6.6768293,-5.6859756,30.716465
1621523624422,-36.15854,-3.0945122,52.667683
1621523624424,-69.29878,-22.85061,68.871956
1621523624453,-144.52744,-62.05793,91.34147
1621523624481,-264.2988,-80.79269,150.86891
1621523624483,-382.37805,-122.45427,200.94513
1621523624512,-496.85977,-164.60367,252.3933
1621523624541,-499.42075,-153.73476,337.98782
1621523624541,-348.10977,-100.09147,383.82623
1621523624570,-54.1311,-128.82622,331.93597
1621523624601,27.012196,74.39024,173.125
1621523624603,140.47256,91.814026,32.423782
1621523624632,197.6067,40.32012,-65.16769
1621523624662,103.04878,61.67683,-82.210365
1621523624662,79.710365,26.112806,-115.7622
1621523624692,98.00305,11.509147,-172.27135
1621523624722,119.268295,31.570122,-212.54573
1621523624722,144.49695,39.390244,-229.20732
1621523624752,178.30794,24.314026,-233.24696
1621523624781,214.46646,14.207317,-230.25916
1621523624781,244.14635,7.515244,-220.74696
1621523624812,266.8445,-12.164635,-204.5427
1621523624842,275.1372,-35.914635,-191.26524
1621523624871,254.46648,-42.77439,-203.71951
1621523624874,212.92683,-30.929878,-244.32927
1621523624902,174.52745,-21.905489,-282.51526
1621523624933,146.38719,-42.8811,-292.75916
1621523624933,90.83842,12.621951,-211.03659
1621523624962,49.02439,55.32012,-52.560978
1621523624993,15.167684,13.292684,63.00305
1621523624993,-88.368904,-60.045734,104.00915
1621523625021,-309.55792,137.42378,81.70732
1621523625051,-364.52744,284.66464,109.54269
1621523625051,-202.3933,-131.25,214.35976
1621523625081,-25.990854,-214.55794,45.15244
1621523625111,31.356709,26.631098,-16.79878
1621523625113,23.307928,-15.243903,-1.7682927
1621523625142,19.817074,6.8140244,2.7439024
1621523625172,16.067074,9.344512,10.07622
1621523625172,15.27439,-0.030487806,11.036586
1621523625201,8.780488,5.182927,14.573171
1621523625231,6.4634147,6.7987804,19.085367
1621523625232,3.262195,6.615854,18.353659
1621523625260,-0.65548784,6.2347565,16.036585
1621523625291,-2.7896342,5.1067076,15.091464
1621523625291,-2.9268293,5.6859756,15.945123
1621523625321,-3.3689024,7.2103662,16.067074
1621523625351,-3.9939024,9.009147,15.35061
1621523625352,-2.5304878,9.832317,13.75
1621523625383,0.5487805,8.307927,12.77439
1621523625411,2.5457318,6.1890244,13.323171
1621523625412,3.9634147,6.8292685,15.457317
1621523625443,5.015244,9.984756,17.774391
1621523625471,4.5884147,11.79878,20.121952
1621523625474,3.1097562,11.554878,21.17378
1621523625502,0.25914633,8.948171,21.646341
1621523625534,-5.640244,2.820122,22.515244
1621523625534,-11.753049,-5.289634,23.82622
1621523625562,-15.777439,-8.368902,25.731709
1621523625593,-17.317074,-8.353659,27.271341
1621523625593,-19.695122,-17.362804,26.646341
1621523625621,-46.55488,-43.887196,37.911587
1621523625652,-154.46646,-9.268292,106.35671
1621523625652,-217.6372,-74.07012,123.597565
1621523625680,-301.18903,-122.80488,150.13719
1621523625710,-399.42075,-156.99695,195.88416
1621523625711,-376.06708,-123.61281,266.11282
1621523625743,-312.6372,-79.07012,323.2927
1621523625772,-139.35976,-25.045732,317.98782
1621523625772,-87.6372,60.442074,250.94513
1621523625801,12.118903,100.41159,124.893295
1621523625832,210.92989,-17.256098,19.80183
1621523625832,185.22867,24.17683,-26.661587
1621523625862,121.98171,45.47256,-49.618904
1621523625892,114.63415,10.228659,-101.28049
1621523625892,124.14635,-17.134148,-154.77135
1621523625922,129.67989,-8.338415,-189.80183
1621523625952,147.37805,-2.2256098,-213.79573
1621523625953,178.20122,-12.454268,-231.7683
1621523625983,205.96037,-28.292683,-237.19513
1621523626011,221.57013,-39.939026,-229.92378
1621523626012,230.25916,-52.317074,-218.61281
1621523626043,231.49391,-46.295734,-213.67378
1621523626071,224.32927,-17.865854,-219.77135
1621523626073,199.81708,9.146341,-228.65854
1621523626102,167.3933,-5.670732,-230.18294
1621523626131,133.47562,-10.533537,-187.95732
1621523626132,88.93293,33.97866,-89.847565
1621523626161,45.3811,41.05183,17.5
1621523626192,-78.689026,17.42378,91.43293
1621523626192,-248.30794,106.82927,81.70732
1621523626221,-337.6677,270.19818,158.84146
1621523626252,-131.21951,-105.53354,239.92378
1621523626252,0.5335366,-39.405487,111.52439
1621523626281,8.856708,54.359756,35.807926
1621523626311,33.90244,-1.5853659,35.73171
1621523626313,4.283537,20.77744,8.292683
1621523626342,-1.5853659,17.911585,6.2347565
1621523626371,0.44207317,1.9512196,7.4847565
1621523626372,-2.4847562,-1.3414634,7.8201222
1621523626401,-4.3140244,-3.5975611,8.003049
1621523626431,-5.990854,-3.125,6.905488
1621523626431,-6.8597565,-3.307927,6.539634
1621523626461,-7.3170733,-7.4695125,4.862805
1621523626490,-7.22561,-10.731708,3.9786587
1621523626492,-6.1890244,-10.259147,3.8567073
1621523626522,-4.634146,-7.3475614,4.375
1621523626551,-3.4908538,-4.634146,6.097561
1621523626553,-2.4542685,-2.3475611,8.216464
1621523626582,-1.7835367,0.30487806,9.695122
1621523626611,-1.3567073,1.9817073,10.564025
1621523626612,-0.99085367,2.4542685,11.646341
1621523626642,0.19817074,2.9725611,13.567074
1621523626671,1.6006098,4.2073174,16.265244
1621523626673,3.323171,4.771342,19.25305
1621523626702,5.625,4.542683,21.32622
1621523626731,7.667683,2.7896342,20.320122
1621523626732,7.5609756,-2.2713416,17.637196
1621523626762,2.820122,-12.667684,15.213415
1621523626793,-11.310976,-24.740854,15.152439
1621523626793,-50.365856,-38.018295,27.042683
1621523626822,-132.86586,-43.765244,71.143295
1621523626852,-215.77745,-92.75915,101.55488
1621523626852,-355.5945,-162.0427,135.0
1621523626882,-499.49695,-209.43597,198.00305
1621523626911,-499.49695,-179.81708,285.82318
1621523626913,-389.52744,-108.79573,347.30185
1621523626943,-39.969513,-101.75305,314.31403
1621523626972,-30.35061,14.878049,240.70122
1621523626973,33.582317,125.30488,146.64635
1621523627001,260.32013,37.942074,46.35671
1621523627031,212.48476,103.32317,6.1737804
1621523627031,156.47867,83.064026,-43.82622
1621523627060,162.89635,11.661586,-128.09451
1621523627090,168.35367,-5.929878,-191.06708
1621523627093,168.21646,6.3719516,-222.17989
1621523627122,194.42073,-9.908537,-239.55794
1621523627152,235.33537,-31.692074,-245.48781
1621523627184,272.77438,-39.80183,-239.83232
1621523627185,302.10367,-50.121952,-235.82318
1621523627212,304.48172,-62.896343,-248.73476
1621523627242,265.5488,-36.082317,-275.85367
1621523627242,181.46342,13.04878,-314.31403
1621523627271,97.576225,2.8658538,-316.70734
1621523627302,37.987804,83.35366,-187.36281
1621523627303,29.085367,89.42073,-26.25
1621523627332,-4.72561,-57.942074,79.57317
1621523627362,-199.57318,-9.405488,151.41768
1621523627362,-364.07013,229.31403,155.625
1621523627391,-112.8811,-68.23171,221.08232
1621523627421,-13.658537,42.80488,133.52135
1621523627421,9.131098,76.26524,9.496951
1621523627451,18.185976,-30.045732,0.6859756
1621523627482,2.1646342,7.240854,3.8262196
1621523627482,-4.359756,12.728659,8.917684
1621523627512,-4.679878,-4.131098,4.054878
1621523627542,-6.128049,-9.542684,6.0670733
1621523627544,-6.2195125,-10.167684,6.2042685
1621523627573,-6.60061,-10.914635,3.6890244
1621523627602,-6.60061,-10.70122,2.1493902
1621523627604,-5.7012196,-11.95122,1.2347561
1621523627632,-4.8323174,-13.841464,1.5548781
1621523627661,-3.7042685,-14.512196,1.8292683
1621523627664,-2.4390244,-11.387196,4.0701222
1621523627692,-1.722561,-6.7987804,6.5091467
1621523627724,-0.83841467,-3.3384147,8.582317
1621523627724,0.28963414,0.5945122,10.6402445
1621523627752,0.94512194,4.5884147,12.957317
1621523627784,0.5487805,8.033537,14.466464
1621523627784,0.5640244,9.207317,16.371952
1621523627812,0.5945122,4.634146,17.804878
1621523627842,-1.6463414,-3.0335367,18.658537
1621523627842,-2.8963416,-13.003049,21.905489
1621523627871,-12.057927,-19.969513,31.021341
1621523627902,-42.8811,-24.95427,53.612804
1621523627902,-80.07622,-42.393295,71.47866
1621523627932,-128.2317,-87.95732,79.77135
1621523627961,-230.59451,-154.17683,104.90854
1621523627961,-384.03964,-189.20732,174.72562
1621523627991,-499.49695,-211.92073,247.85062
1621523628022,-467.07318,-282.56097,283.24695
1621523628022,-231.98172,-125.45732,349.42075
1621523628053,-76.935974,-128.09451,307.22562
1621523628082,42.545734,-34.375,175.96037
1621523628082,132.28659,73.15549,108.78049
1621523628112,255.36586,138.17073,7.8353662
1621523628142,185.8994,183.76524,-30.960367
1621523628143,127.89635,117.22561,-74.222565
1621523628172,136.11281,55.548782,-145.18294
1621523628202,144.375,77.54573,-197.74391
1621523628204,162.31708,105.88415,-226.11281
1621523628233,205.65549,93.84147,-238.38416
1621523628262,250.10672,65.70122,-230.82318
1621523628262,286.98172,34.253048,-208.58232
1621523628292,308.65854,-2.7286587,-188.84146
1621523628322,304.9695,-35.97561,-188.14024
1621523628322,269.86282,-39.10061,-224.25305
1621523628350,213.93294,-14.268293,-278.2927
1621523628383,160.41159,-10.685976,-317.77438
1621523628383,111.82927,19.45122,-272.0427
1621523628412,57.835365,69.96951,-117.68293
1621523628442,20.182928,34.48171,36.814026
1621523628442,-79.23781,-66.95122,108.04878
1621523628471,-273.82623,100.0,122.69817
1621523628502,-342.78964,240.57927,125.243904
1621523628503,-69.16159,-169.55794,256.35672
1621523628532,2.4542685,15.030488,134.84756
1621523628561,-18.246952,71.11281,2.5914636
1621523628562,25.899391,-47.591465,12.103659
1621523628591,4.0701222,8.719512,8.246951
1621523628622,-7.7591467,23.064026,11.082317
1621523628622,-3.582317,1.6310976,7.1341467
1621523628652,-4.664634,-3.4908538,6.737805
1621523628681,-5.533537,-2.9725611,6.905488
1621523628682,-6.143293,-3.6737807,4.054878
1621523628712,-6.539634,-7.8353662,1.7530488
1621523628742,-5.777439,-10.685976,0.5792683
1621523628744,-4.6036587,-8.170732,2.637195
1621523628772,-3.445122,-4.6036587,4.359756
1621523628802,-2.317073,-0.35060975,5.396342
1621523628804,-1.4786586,3.3536587,7.682927
1621523628832,-0.51829267,6.60061,10.97561
1621523628861,-0.35060975,9.939025,13.384147
1621523628863,-0.7012195,10.97561,14.3902445
1621523628892,-0.18292683,9.862805,15.091464
1621523628922,0.94512194,7.5,17.088415
1621523628922,2.4390244,5.960366,18.521341
1621523628953,2.2256098,4.8323174,17.728659
1621523628982,2.3932927,1.9664634,17.118902
1621523628982,2.4847562,-2.6219513,17.45427
1621523629011,-3.292683,-8.292683,17.911585
1621523629041,-22.164635,-8.20122,25.929878
1621523629042,-57.30183,-14.070123,43.810978
1621523629072,-112.75915,-28.00305,67.91159
1621523629102,-159.86281,-44.390244,91.90549
1621523629102,-227.60672,-75.960365,112.08842
1621523629131,-301.875,-152.46951,125.67074
1621523629161,-451.32623,-165.13719,200.70122
1621523629161,-499.49695,-157.68294,274.45123
1621523629193,-367.2561,-71.34147,341.47867
1621523629222,-86.28049,-25.320122,344.4055
1621523629222,31.67683,34.984756,228.46037
1621523629252,-20.533537,93.993904,93.5061
1621523629283,145.5183,-12.286586,-31.966465
1621523629283,103.689026,55.990856,-78.414635
1621523629313,71.08232,58.70427,-104.74085
1621523629342,109.46647,8.429878,-158.10976
1621523629373,144.81708,8.414635,-198.24695
1621523629373,165.60976,25.045732,-218.41464
1621523629402,190.35062,17.271341,-227.6677
1621523629404,217.16464,1.8445122,-227.92683
1621523629432,238.85672,-8.231708,-221.6311
1621523629461,254.2683,-18.62805,-217.11891
1621523629492,256.58536,-18.70427,-218.23172
1621523629492,255.1677,-10.54878,-235.2744
1621523629522,254.77135,28.567074,-258.6738
1621523629551,210.99086,57.332317,-271.2805
1621523629551,144.34451,34.07012,-228.33842
1621523629582,73.064026,72.28659,-93.97866
1621523629611,27.37805,34.64939,32.134148
1621523629612,-127.94208,-12.164635,112.91159
1621523629641,-292.48477,208.49086,139.93903
1621523629671,-336.35672,225.03049,117.69817
1621523629671,26.646341,-112.94208,216.95122
1621523629701,26.219513,39.878048,81.08232
1621523629731,-26.32622,44.22256,4.4359756
1621523629733,27.97256,-52.72866,20.304878
1621523629762,2.5457318,17.042683,12.759147
1621523629792,-0.19817074,11.570122,13.125
1621523629794,0.51829267,-6.9664636,8.47561
1621523629823,-1.1280488,-7.027439,11.509147
1621523629851,-3.4908538,-5.5945125,9.253049
1621523629853,-5.89939,-7.057927,5.655488
1621523629883,-7.1189027,-8.155488,4.039634
1621523629911,-7.057927,-9.268292,4.222561
1621523629913,-6.4939027,-9.329268,5.5945125
1621523629943,-5.5640244,-7.5762196,6.905488
1621523629971,-4.283537,-3.5975611,8.353659
1621523629972,-3.292683,0.7469512,10.594512
1621523630001,-2.4695122,2.8810976,11.768293
1621523630031,-1.4481708,4.710366,12.469513
1621523630031,-0.71646345,8.338415,13.20122
1621523630061,-0.35060975,11.737805,14.115854
1621523630090,-0.5487805,12.957317,17.881098
1621523630091,-1.8445122,10.167684,23.384148
1621523630122,-3.7347562,2.2713416,27.240854
1621523630151,-9.878049,-8.079268,29.344513
1621523630152,-19.466463,-22.256098,32.85061
1621523630182,-74.81708,-23.216463,53.490856
1621523630212,-120.914635,-52.60671,77.5
1621523630212,-181.25,-108.07927,98.33842
1621523630241,-297.3933,-179.7561,119.893295
1621523630272,-470.82318,-231.875,198.30794
1621523630272,-499.0244,-211.90549,322.13416
1621523630301,-416.9055,8.185976,425.99088
1621523630331,-194.90854,21.966463,369.0549
1621523630333,-57.088417,66.43293,196.1433
1621523630362,91.02135,130.79268,32.667683
1621523630392,190.21342,99.14635,-14.131098
1621523630422,69.63415,96.768295,-5.792683
1621523630422,62.118904,16.524391,-60.884148
1621523630451,96.08232,-12.957317,-144.16159
1621523630454,104.1311,23.47561,-192.0122
1621523630483,124.42074,24.817074,-215.1067
1621523630514,159.58842,0.06097561,-225.625
1621523630514,194.93903,-10.884147,-225.8994
1621523630543,225.30489,-14.4207325,-221.64635
1621523630572,251.53964,-19.908537,-220.03049
1621523630572,269.93903,-30.167685,-218.2927
1621523630602,266.43292,-34.618904,-217.60672
1621523630631,239.80183,-18.490854,-237.60672
1621523630632,196.99695,18.140244,-269.46646
1621523630662,153.33842,40.746952,-289.80185
1621523630692,120.85366,29.45122,-255.33537
1621523630692,75.426834,40.625,-127.07317
1621523630723,44.298782,7.362805,32.743904
1621523630752,-78.643295,-47.789635,134.78659
1621523630752,-343.85672,200.48781,169.03964
1621523630782,-351.12805,144.74086,163.32318
1621523630813,-4.527439,-292.4238,49.710365
1621523630813,44.207317,133.91768,62.743904
1621523630842,-7.9573174,68.993904,12.560976
1621523630872,5.137195,3.6737807,0.39634147
1621523630872,-8.719512,28.521341,12.42378
1621523630902,-5.289634,9.862805,15.609756
1621523630932,-7.378049,0.24390244,12.987805
1621523630934,-9.954268,0.5335366,11.387196
1621523630962,-13.414635,0.6402439,10.304878
1621523630991,-16.20427,-4.009146,8.536586
1621523630993,-21.05183,-4.878049,9.893293
1621523631022,-23.338415,-1.1585366,13.064025
1621523631051,-22.286587,1.0823171,13.246951
1621523631053,-21.463415,3.460366,15.6402445
1621523631082,-19.618902,8.734756,22.393293
1621523631114,-16.20427,14.496951,27.820122
1621523631114,-13.67378,18.445122,30.457317
1621523631143,-9.512196,20.50305,30.884148
1621523631173,-5.5640244,20.807928,31.40244
1621523631174,-3.7957318,19.070122,32.45427
1621523631201,-4.1920733,15.289635,36.47866
1621523631232,-6.768293,6.3109756,41.737804
1621523631232,-9.222561,-8.643292,44.32927
1621523631262,-7.9573174,-23.445122,47.560978
1621523631292,-26.737806,-49.771343,55.564026
1621523631292,-147.28659,-67.72866,98.56708
1621523631323,-256.70734,-138.18597,142.16464
1621523631352,-366.2805,-187.40854,202.78964
1621523631352,-499.49695,-215.86891,297.75916
1621523631383,-497.48477,-203.06403,382.51526
1621523631412,-244.40549,-68.597565,372.4238
1621523631412,22.484756,-36.036587,283.0488
1621523631441,-12.301829,149.35976,151.93597
1621523631470,209.5427,84.40549,24.618902
1621523631471,209.35976,76.41769,-46.859756
1621523631501,119.58842,59.17683,-61.920734
1621523631530,128.88719,-23.292683,-114.35976
1621523631534,151.66159,-41.905487,-171.0061
1621523631562,162.01219,-17.942074,-203.73476
1621523631592,186.66159,-24.283537,-221.72256
1621523631594,225.1677,-49.466465,-232.60672
1621523631622,259.1311,-63.719513,-234.23781
1621523631651,270.73172,-71.34147,-228.71951
1621523631682,257.5305,-74.07012,-226.05183
1621523631682,226.06708,-55.3811,-234.92378
1621523631712,187.54573,-20.50305,-258.79575
1621523631742,153.00305,28.536587,-280.7622
1621523631742,138.3994,43.628048,-288.30792
1621523631772,137.83537,43.475613,-235.59451
1621523631802,113.30793,61.112804,-109.81708
1621523631802,83.82622,8.795732,16.631098
1621523631830,29.92378,-67.51524,90.65549
1621523631861,-52.515244,-69.34451,118.91769
1621523631861,-215.0,29.679878,107.80488
1621523631891,-393.6738,213.15549,47.545734
1621523631921,-156.46342,-92.28659,71.78354
1621523631923,57.271343,117.37805,174.23781
1621523631953,-5.2591467,123.79574,27.97256
1621523631981,3.6890244,-26.17378,-8.079268
1621523631984,3.5975611,5.7164636,2.5609756
1621523632013,-2.3932927,28.20122,8.902439
1621523632042,-1.9969512,8.993902,5.304878
1621523632042,-4.359756,5.0762196,6.4634147
1621523632073,-5.503049,3.460366,8.384147
1621523632101,-7.1341467,2.6067073,6.097561
1621523632103,-8.368902,2.195122,3.6737807
1621523632133,-8.75,-0.71646345,1.0823171
1621523632162,-8.231708,-2.8506098,1.1128049
1621523632162,-7.1951222,-3.0182927,2.210366
1621523632191,-5.777439,-2.5304878,3.003049
1621523632221,-4.1920733,-1.7378049,4.496951
1621523632222,-2.9725611,-0.19817074,6.783537
1621523632251,-1.8445122,2.4237804,10.182927
1621523632282,1.1737806,3.2469513,12.347561
1621523632282,1.8597561,3.1707318,12.957317
1621523632372,1.417683,1.9817073,13.887196
1621523632373,-1.4939024,0.4878049,17.271341
1621523632373,-5.807927,-3.2012196,23.582317
1621523632374,-15.426829,-8.185976,32.332317
1621523632402,-40.70122,-11.432927,47.835365
1621523632402,-58.27744,-24.375,61.189026
1621523632430,-77.256096,-40.97561,73.125
1621523632461,-127.80488,-64.52744,86.92073
1621523632461,-206.21951,-107.19512,96.47866
1621523632490,-309.03964,-160.65549,121.17378
1621523632520,-426.8445,-221.69208,165.85367
1621523632521,-499.49695,-217.85062,239.14635
1621523632550,-460.7927,-91.79878,353.52136
1621523632580,-258.5061,-49.7561,372.0884
1621523632583,34.192074,-134.96951,259.45123
1621523632611,1.0518293,61.539635,160.80794
1621523632641,149.2683,105.35061,90.518295
1621523632641,235.47256,93.03354,16.95122
1621523632670,159.93903,100.77744,-12.77439
1621523632700,143.38416,20.42683,-81.96647
1621523632701,156.72256,-14.359756,-159.29878
1621523632730,163.52135,11.128049,-207.33232
1621523632762,184.84756,7.362805,-237.24086
1621523632762,211.53964,-19.542683,-253.9177
1621523632791,231.53964,-31.219513,-256.15854
1621523632821,249.7561,-27.30183,-247.95732
1621523632821,269.5427,-12.667684,-234.16159
1621523632851,272.72867,21.082317,-231.64635
1621523632880,258.39938,64.42073,-252.0427
1621523632881,232.48476,110.701225,-268.21646
1621523632911,208.8567,107.972565,-228.96342
1621523632941,173.76524,93.414635,-97.24085
1621523632942,115.01524,19.161587,48.917683
1621523632970,6.4634147,-95.3811,134.20732
1621523633000,-168.27745,-17.37805,182.3933
1621523633001,-379.80185,168.09451,170.18294
1621523633030,-129.16159,65.27439,290.64026
1621523633060,69.131096,4.02439,128.65854
1621523633061,-6.112805,59.100613,3.9939024
1621523633090,21.737806,-46.280487,2.2256098
1621523633121,14.862805,-9.939025,1.8292683
1621523633121,0.44207317,15.228659,10.472561
1621523633150,5.0,-6.8292685,2.4390244
1621523633180,3.1707318,-12.134147,4.054878
1621523633183,-0.80792683,-8.033537,5.304878
1621523633211,-4.679878,-7.408537,4.64939
1621523633241,-7.4695125,-6.3414636,4.0701222
1621523633241,-9.085366,-4.862805,5.0914636
1621523633270,-10.060976,-2.804878,7.530488
1621523633300,-9.756098,-0.04573171,8.887196
1621523633301,-8.277439,3.323171,9.314025
1621523633330,-6.4939027,6.783537,9.329268
1621523633362,-4.557927,8.231708,9.618902
1621523633362,-3.0640244,9.481708,12.103659
1621523633391,-0.8993903,11.631098,14.009147
1621523633420,0.8993903,13.109756,14.344513
1621523633422,1.3719512,13.75,15.6707325
1621523633450,0.5792683,13.429878,20.625
1621523633480,-0.99085367,11.021341,26.72256
1621523633481,-4.9390244,7.804878,33.292683
1621523633511,-11.554878,5.4573174,40.396343
1621523633541,-14.02439,0.22865854,42.286587
1621523633542,-13.094513,-7.7286587,40.30488
1621523633571,-17.439024,-21.463415,36.25
1621523633601,-38.292683,-34.085365,43.536587
1621523633602,-114.34451,-40.47256,81.92073
1621523633630,-228.78049,-52.560978,140.13719
1621523633660,-320.27438,-104.35976,169.22256
1621523633661,-467.48477,-124.60366,219.93903
1621523633690,-499.49695,-150.45732,300.0305
1621523633720,-377.72867,-31.905489,349.02438
1621523633721,-79.039635,-1.5396342,307.13416
1621523633750,-7.057927,97.439026,163.17073
1621523633781,76.95122,101.23476,30.35061
1621523633783,136.57013,36.44817,-44.67988
1621523633811,54.161587,63.917683,-56.143295
1621523633841,60.457317,24.25305,-102.972565
1621523633841,90.426834,-0.06097561,-162.27135
1621523633871,106.951225,17.957317,-196.67683
1621523633901,134.20732,18.506098,-216.3872
1621523633901,171.49391,4.1920733,-226.93597
1621523633930,207.59146,-8.582317,-227.89635
1621523633960,235.32013,-18.20122,-221.18903
1621523633990,254.32927,-26.05183,-215.24391
1621523633991,261.93597,-28.429878,-217.0122
1621523634020,256.05185,-15.792684,-232.43903
1621523634051,221.43294,19.939024,-256.37195
1621523634051,155.76219,43.765244,-281.4939
1621523634080,91.52439,1.2804878,-286.15854
1621523634111,57.60671,21.82927,-203.32318
1621523634112,47.957317,47.865856,-42.14939
1621523634141,-119.32927,57.164635,135.79268
1621523634171,-308.6738,257.02744,196.32622
1621523634171,-334.02438,189.61891,128.67378
1621523634201,-118.44512,-90.289635,110.960365
1621523634230,167.45427,-99.00915,115.54878
1621523634231,-5.0914636,116.78354,29.481709
1621523634260,4.237805,-9.176829,8.948171
1621523634290,19.25305,-1.6310976,11.219512
1621523634291,-2.1341465,28.384148,16.417683
1621523634320,-4.8018293,13.033537,12.926829
1621523634352,-7.515244,6.1890244,10.381098
1621523634352,-11.006098,0.5030488,5.990854
1621523634381,-14.085366,-4.4817076,2.9420733
1621523634411,-15.442074,-9.009147,1.8140244
1621523634412,-17.560976,-10.182927,2.8810976
1621523634441,-18.460367,-9.435976,2.804878
1621523634470,-18.55183,-7.545732,4.359756
1621523634471,-18.323172,-4.908537,8.567074
1621523634501,-17.149391,-2.2408538,12.378049
1621523634531,-15.472561,-0.65548784,15.137196
1621523634531,-13.079268,0.27439025,16.737804
1621523634560,-11.570122,1.0365853,18.246952
1621523634590,-10.655488,1.875,20.609756
1621523634591,-10.990854,3.0945122,24.420732
1621523634620,-12.713415,1.6920732,30.655489
1621523634651,-13.307927,-3.6890244,36.798782
1621523634651,-24.542683,-15.289635,43.368904
1621523634680,-80.57927,-21.75305,61.189026
1621523634712,-133.81097,-39.314026,78.09451
1621523634714,-210.59451,-83.04878,101.722565
1621523634742,-351.78354,-148.42989,135.91464
1621523634772,-497.2866,-195.96037,207.36281
1621523634774,-499.49695,-244.23781,299.86282
1621523634802,-337.8354,-91.64635,370.35062
1621523634831,-46.509148,-44.923782,300.48782
1621523634833,-23.719513,127.89635,174.67989
1621523634862,131.99695,88.414635,41.25
1621523634891,194.1311,25.685976,-48.993904
1621523634894,109.40549,32.942074,-72.04269
1621523634922,124.268295,-19.908537,-136.70732
1621523634953,156.29573,-30.243902,-203.8872
1621523634953,176.31097,-15.091464,-240.45732
1621523634981,208.125,-29.22256,-258.65854
1621523635012,242.82013,-49.740856,-264.7866
1621523635012,267.4695,-58.948174,-261.64636
1621523635042,283.9939,-61.72256,-256.4634
1621523635072,291.99695,-42.40854,-254.8933
1621523635072,280.5945,18.765244,-258.3384
1621523635103,238.9177,87.54573,-275.8384
1621523635131,184.49695,80.71647,-305.47256
1621523635132,140.21342,33.07927,-271.3872
1621523635161,93.35366,68.29269,-116.55488
1621523635192,51.737804,9.847561,42.271343
1621523635192,-18.521341,-106.92073,114.57317
1621523635220,-263.9177,87.743904,142.28659
1621523635251,-379.95428,243.23172,153.53659
1621523635251,-76.43293,-239.20732,199.93903
1621523635281,35.365856,85.335365,116.34147
1621523635311,-12.743903,70.472565,-4.115854
1621523635312,20.77744,-40.823174,-9.64939
1621523635342,4.9695125,21.737806,3.0182927
1621523635371,2.012195,28.018293,14.222561
1621523635373,4.222561,7.5,10.457317
1621523635402,-0.28963414,4.2073174,8.20122
1621523635431,-0.65548784,1.570122,10.716464
1621523635434,-1.5243902,2.4390244,8.216464
1621523635462,-2.378049,3.1097562,7.5914636
1621523635491,-3.765244,1.9054879,5.335366
1621523635494,-3.948171,1.6463414,4.9237804
1621523635522,-3.3536587,3.125,6.143293
1621523635554,-2.698171,4.634146,5.5792685
1621523635554,-2.2560976,6.8445125,5.0762196
1621523635581,-1.7378049,8.978659,5.8841467
1621523635612,-1.2195122,10.030488,7.698171
1621523635612,-0.80792683,10.518293,9.02439
1621523635641,-0.5487805,10.060976,9.954268
1621523635672,-0.076219514,8.917684,12.22561
1621523635672,0.35060975,7.362805,14.64939
1621523635702,0.6859756,4.908537,16.143293
1621523635732,1.9512196,1.1890244,17.5
1621523635732,2.2408538,-1.9512196,19.161587
1621523635762,0.39634147,-3.0487804,23.658537
1621523635792,-6.585366,2.957317,32.69817
1621523635792,-16.890244,9.72561,42.042683
1621523635820,-35.70122,11.006098,55.350613
1621523635851,-65.07622,2.1189024,72.881096
1621523635852,-108.79573,-28.094513,101.585365
1621523635882,-181.12805,-57.789635,148.53659
1621523635912,-269.17685,-74.54269,169.28354
1621523635913,-376.70734,-91.89024,203.67378
1621523635943,-491.5549,-101.23476,259.8933
1621523635971,-459.81708,-61.036587,311.35672
1621523635973,-277.0427,-99.16159,307.45428
1621523636002,-57.088417,-82.45427,258.8872
1621523636031,4.085366,100.79269,107.53049
1621523636033,172.22562,40.97561,-24.649391
1621523636063,187.62195,46.067074,-90.121956
1621523636091,109.618904,56.189026,-95.01524
1621523636094,92.72866,8.39939,-124.95427
1621523636122,107.347565,-9.268292,-169.29878
1621523636153,128.15549,5.3201222,-198.90245
1621523636153,154.6494,6.4481707,-213.56708
1621523636181,184.63416,-14.146341,-218.90245
1621523636212,216.12805,-29.664635,-217.31708
1621523636242,241.98172,-30.396341,-209.0244
1621523636242,254.40549,-35.960365,-196.46342
1621523636272,244.34451,-41.40244,-190.96037
1621523636302,212.31708,-35.94512,-204.86281
1621523636304,168.71951,-13.445123,-223.6433
1621523636332,134.52744,1.3567073,-244.25305
1621523636361,116.25,-9.832317,-242.28659
1621523636363,67.69817,25.594513,-157.89635
1621523636392,22.393293,25.762196,-30.442074
1621523636422,-1.2195122,-24.969513,53.65854
1621523636422,-31.478659,-69.25305,91.28049
1621523636452,-148.41464,-6.539634,128.96342
1621523636482,-346.78354,285.74695,113.18598
1621523636485,-193.07927,68.09451,191.34146
1621523636512,132.30183,-84.60366,139.90854
1621523636542,7.057927,87.347565,25.929878
1621523636542,7.667683,16.32622,24.085367
1621523636573,24.893293,-1.3109757,10.564025
1621523636602,-7.545732,31.356709,5.2591467
1621523636602,-2.8810976,13.003049,7.8353662
1621523636631,-1.8445122,1.0060976,5.1067076
1621523636660,-5.015244,2.2713416,7.4390244
1621523636662,-7.164634,5.0,9.756098
1621523636691,-8.170732,6.9359756,7.881098
1621523636722,-8.125,4.5884147,6.2195125
1621523636722,-7.256098,-0.04573171,3.7804878
1621523636753,-5.487805,-3.445122,2.5457318
1621523636783,-3.8414636,-4.1768293,2.195122
1621523636783,-2.8658538,-2.027439,2.4847562
1621523636812,-2.5,0.9756098,3.445122
1621523636842,-2.4085367,4.710366,5.625
1621523636842,-2.5609756,9.29878,8.75
1621523636872,-3.125,12.088415,10.97561
1621523636902,-3.9176831,12.835366,11.448171
1621523636904,-4.8170733,13.307927,13.277439
1621523636932,-5.35061,13.033537,15.853659
1621523636962,-6.9664636,13.109756,17.743902
1621523636964,-7.0884147,11.8902445,17.728659
1621523636992,-7.77439,9.192074,16.280489
1621523637021,-10.670732,5.5792685,16.82927
1621523637023,-14.801829,-0.7469512,19.146341
1621523637052,-17.545732,-15.0,21.371952
1621523637081,-36.78354,-36.67683,32.317074
1621523637083,-102.33232,-55.487804,66.34146
1621523637112,-186.43294,-83.84147,109.63415
1621523637142,-322.45428,-142.95732,173.14024
1621523637142,-484.48172,-215.91464,242.8811
1621523637172,-499.49695,-200.2744,274.3445
1621523637202,-469.6494,-95.0,322.7134
1621523637202,-194.17683,-98.58232,334.20734
1621523637231,57.53049,-46.875,262.75916
1621523637262,31.417685,60.487804,141.05183
1621523637262,200.71646,28.62805,15.35061
1621523637292,188.93294,77.10366,-61.036587
1621523637321,123.460365,60.838417,-94.847565
1621523637322,139.375,-7.5762196,-152.43903
1621523637353,166.89024,-14.329268,-202.75916
1621523637382,184.49695,9.207317,-231.20427
1621523637382,209.19208,-1.9054879,-244.34451
1621523637411,233.78049,-20.960367,-243.35367
1621523637441,255.73172,-18.887196,-234.81708
1621523637442,273.55185,-6.646342,-222.83537
1621523637473,270.82318,16.79878,-224.28354
1621523637502,246.61586,57.835365,-248.99391
1621523637504,206.25,105.64024,-280.77744
1621523637533,176.03659,84.16159,-286.37195
1621523637562,137.45427,59.02439,-186.05183
1621523637563,79.29878,44.52744,-1.6920732
1621523637592,-16.95122,-64.176834,111.08232
1621523637621,-272.59146,69.29878,133.84146
1621523637624,-365.3354,82.65244,175.625
1621523637652,-50.685978,-318.61282,134.7561
1621523637681,2.7896342,157.28659,84.81708
1621523637684,8.810976,84.496956,20.442074
1621523637712,2.9268293,-34.64939,-17.667683
1621523637742,3.3689024,13.658537,2.1646342
1621523637742,3.0792685,7.4237804,8.993902
1621523637772,1.9817073,-10.579268,-1.3262196
1621523637802,1.7682927,-15.0152445,-0.88414633
1621523637831,1.9054879,-12.911586,2.5
1621523637831,0.06097561,-8.795732,3.9176831
1621523637862,-1.402439,-5.1981707,4.527439
1621523637862,-2.5914636,-3.2164636,4.5884147
1621523637893,-2.9420733,-0.5945122,5.807927
1621523637921,-2.6219513,2.2713416,7.057927
1621523637923,-2.1646342,4.542683,7.0731707
1621523637952,-1.6310976,6.8140244,7.515244
1621523637982,-1.0213414,10.091464,9.557927
1621523637982,-0.13719513,13.170732,11.875
1621523638011,0.19817074,14.359756,12.637196
1621523638041,0.42682928,15.07622,13.490854
1621523638042,0.5487805,15.106708,15.106708
1621523638071,0.35060975,13.368903,17.835367
1621523638101,-1.5396342,10.27439,20.57927
1621523638102,-4.283537,7.515244,23.155489
1621523638132,-9.009147,5.35061,25.990854
1621523638162,-17.835367,0.7469512,29.84756
1621523638163,-25.15244,-8.460366,35.3811
1621523638192,-29.420732,-24.87805,40.289635
1621523638221,-72.28659,-50.121952,60.07622
1621523638224,-181.9817,-90.36585,100.289635
1621523638253,-322.1189,-137.56097,160.7927
1621523638281,-470.25916,-194.40549,211.23476
1621523638284,-482.43903,-218.61281,226.95122
1621523638313,-332.22562,-86.82927,315.35062
1621523638342,-103.643295,-44.405487,335.64026
1621523638342,-38.993904,-84.756096,273.35367
1621523638371,-76.28049,49.314026,175.71646
1621523638402,88.14024,102.89635,35.167683
1621523638402,208.33842,95.54878,-48.810978
1621523638431,133.125,131.6311,-51.265244
1621523638461,95.04573,74.710365,-73.32317
1621523638492,97.94208,35.137196,-126.35671
1621523638492,107.972565,54.67988,-169.77135
1621523638552,121.25,77.75915,-192.92683
1621523638552,142.85062,63.475613,-204.45122
1621523638554,163.42989,44.237804,-207.43903
1621523638582,174.80183,41.35671,-203.56708
1621523638612,176.47867,40.396343,-197.92683
1621523638612,170.36586,30.609756,-195.86891
1621523638642,158.68903,17.698172,-197.13416
1621523638671,148.99391,7.3018293,-200.60976
1621523638673,147.92683,8.216464,-200.59451
1621523638702,151.60062,18.445122,-191.46342
1621523638734,147.31708,18.353659,-175.7317
1621523638734,126.28049,0.16768293,-158.5061
1621523638763,89.939026,-33.963417,-142.5
1621523638794,54.588417,-44.268295,-114.02439
1621523638794,33.55183,-27.804878,-76.43293
1621523638821,20.746952,-8.658537,-35.685978
1621523638852,0.18292683,-7.240854,2.9420733
1621523638852,-29.009148,-25.274391,24.405489
1621523638881,-55.457317,-27.42378,31.417685
1621523638912,-93.27744,-11.981708,43.567074
1621523638912,-247.17989,-25.670732,94.83232
1621523638943,-233.85672,-67.04269,172.57622
1621523638972,-6.890244,-62.469513,262.4695
1621523638972,-7.012195,157.71342,142.94208
1621523639002,-11.219512,103.76524,46.40244
1621523639032,17.210367,-4.8018293,11.60061
1621523639032,11.356708,24.131098,16.844513
1621523639063,0.19817074,40.564026,15.426829
1621523639091,0.015243903,13.82622,7.4695125
1621523639095,-1.7378049,2.667683,4.115854
1621523639122,-3.902439,1.5396342,3.140244
1621523639151,-4.359756,-2.3475611,2.4390244
1621523639153,-5.365854,-5.167683,0.39634147
1621523639182,-5.89939,-6.783537,-0.39634147
1621523639212,-5.2134147,-6.143293,0.79268295
1621523639212,-4.2987804,-3.4756098,2.4237804
1621523639242,-3.0487804,-1.402439,3.262195
1621523639271,-2.4695122,0.5945122,4.253049
1621523639274,-2.4237804,3.1707318,5.4420733
1621523639302,-1.6463414,6.3719516,5.990854
1621523639332,-0.47256097,10.884147,7.6219516
1621523639332,-0.38109756,14.588415,9.847561
1621523639362,-0.73170733,15.381098,10.762196
1621523639393,-1.402439,14.939025,13.551829
1621523639394,-2.9115853,12.057927,18.871952
1621523639421,-6.6920733,7.1189027,26.905489
1621523639452,-15.6707325,1.0670732,41.966465
1621523639452,-31.905489,-11.920732,60.487804
1621523639481,-55.868904,-27.484756,78.82622
1621523639512,-70.48781,-44.69512,90.243904
1621523639512,-193.21646,-80.83842,144.87805
1621523639541,-356.1738,-165.35062,176.75305
1621523639570,-499.46646,-187.08842,212.54573
1621523639571,-499.49695,-217.34756,265.10672
1621523639601,-379.49695,-158.42989,300.80792
1621523639631,-96.79878,-144.00916,288.81097
1621523639631,1.3567073,-29.832317,184.07013
1621523639661,115.335365,76.26524,47.164635
1621523639692,293.0488,43.140244,16.112804
1621523639694,233.94818,43.003048,8.292683
1621523639723,181.4177,-8.597561,-36.82927
1621523639751,174.60367,-40.518295,-115.64024
1621523639753,163.87195,-25.137196,-179.6494
1621523639782,157.95732,-15.838415,-220.41159
1621523639812,165.8994,-26.006098,-242.31708
1621523639812,186.17378,-32.469513,-247.7744
1621523639842,219.95427,-32.164635,-242.37805
1621523639871,255.45732,-26.631098,-230.30489
1621523639874,264.28354,-13.292684,-222.2561
1621523639902,241.06708,8.414635,-230.25916
1621523639933,201.29573,55.762196,-242.27135
1621523639933,160.99086,75.121956,-237.95732
1621523639962,148.91768,80.27439,-155.48781
1621523639994,136.81403,83.96342,-11.646341
1621523639994,87.48476,-12.012196,95.19817
1621523640021,-65.53354,-110.19817,146.82927
1621523640052,-325.6555,151.28049,142.33232
1621523640052,-263.41464,33.567074,157.24086
1621523640081,112.743904,-155.77744,155.65549
1621523640111,28.323172,87.98781,12.682927
1621523640111,-16.295732,5.503049,-0.076219514
1621523640141,0.21341464,-16.570122,-13.170732
1621523640170,3.7957318,29.039635,10.106708
1621523640171,5.487805,21.524391,18.353659
1621523640200,0.6859756,12.332317,10.0
1621523640230,-1.0670732,8.47561,10.472561
1621523640232,-3.140244,4.02439,9.740854
1621523640262,-4.893293,-0.09146342,6.417683
1621523640292,-6.402439,-3.948171,5.533537
1621523640294,-6.8597565,-4.862805,6.7225614
1621523640322,-6.753049,-2.7134147,9.115854
1621523640351,-5.8689027,-0.38109756,9.817074
1621523640353,-4.237805,2.7896342,11.25
1621523640382,-2.820122,5.030488,13.064025
1621523640412,-1.9817073,7.027439,13.658537
1621523640412,-1.6920732,8.7652445,13.567074
1621523640443,-1.9054879,9.466464,13.948171
1621523640471,-2.698171,9.253049,16.356709
1621523640474,-4.984756,9.268292,21.875
1621523640503,-7.896342,8.82622,28.185976
1621523640531,-10.792684,6.3567076,30.396341
1621523640532,-13.277439,1.3719512,29.573172
1621523640560,-16.219513,-7.362805,26.661587
1621523640593,-28.094513,-17.865854,25.838415
1621523640593,-80.88415,-10.030488,50.365856
1621523640621,-122.164635,-42.5,61.25
1621523640652,-190.85367,-83.2622,90.03049
1621523640652,-286.73782,-128.00305,144.08537
1621523640683,-419.98477,-166.3567,204.28354
1621523640712,-499.49695,-207.1494,254.08537
1621523640742,-437.2104,-111.52439,337.51526
1621523640743,-161.44818,-67.46951,352.07318
1621523640772,-39.64939,-62.37805,258.65854
1621523640773,-10.792684,103.94817,174.74086
1621523640801,197.46951,71.40244,85.57927
1621523640832,197.22562,96.814026,31.585367
1621523640861,124.05488,90.80793,-15.030488
1621523640863,126.50915,24.969513,-109.78659
1621523640892,138.17073,5.777439,-190.1067
1621523640924,145.33537,25.030489,-228.03354
1621523640924,177.74391,14.481708,-244.86281
1621523640952,223.79573,-8.7652445,-252.16464
1621523640983,262.1189,-18.567074,-246.43294
1621523640984,288.27744,-20.15244,-232.5
1621523641011,305.45734,-17.713415,-221.57013
1621523641042,299.10062,-0.09146342,-234.60367
1621523641042,266.4634,27.911587,-276.11282
1621523641071,219.67989,42.271343,-321.4634
1621523641102,166.49391,-3.2012196,-303.55185
1621523641102,88.79573,22.22561,-126.78354
1621523641133,52.118904,16.006098,61.768295
1621523641161,-0.79268295,-84.86281,119.40549
1621523641162,-288.70428,110.0,113.79573
1621523641191,-356.11282,244.67989,148.26219
1621523641222,-126.98171,-282.9116,223.03354
1621523641222,50.198174,28.414635,98.53659
1621523641253,6.9359756,69.29878,9.969512
1621523641282,6.387195,-21.082317,-5.8689027
1621523641284,0.86890244,24.832317,5.045732
1621523641313,-4.5884147,26.920732,13.292684
1621523641342,-5.121951,8.887196,6.417683
1621523641343,-5.8689027,1.5548781,0.73170733
1621523641372,-6.158537,0.38109756,3.3536587
1621523641402,-6.4634147,2.027439,2.7286587
1621523641405,-6.753049,1.0823171,1.8292683
1621523641432,-7.3018293,-1.2195122,0.5640244
1621523641461,-6.9512196,-1.6158537,1.722561
1621523641464,-5.5792685,0.83841467,3.292683
1621523641491,-4.359756,3.902439,4.1768293
1621523641523,-3.7195122,6.52439,5.640244
1621523641523,-2.7439024,9.496951,8.384147
1621523641552,-1.7530488,13.216464,12.195122
1621523641582,-1.3567073,15.594513,15.243903
1621523641582,-1.8292683,15.304878,16.737804
1621523641611,-2.5609756,12.820123,18.292683
1621523641640,-2.012195,11.32622,22.210367
1621523641642,-1.4786586,9.954268,25.518293
1621523641672,-2.0884147,7.652439,27.02744
1621523641702,-5.0762196,7.027439,27.317074
1621523641702,-11.387196,6.9664636,30.685976
1621523641732,-18.414635,2.0884147,36.067074
1621523641762,-32.57622,-16.615854,41.219513
1621523641762,-100.85366,-5.1981707,87.98781
1621523641791,-176.1433,-15.89939,132.68292
1621523641821,-249.39024,-63.323174,152.89635
1621523641822,-352.85062,-129.39024,179.45122
1621523641851,-458.17075,-170.03049,225.2744
1621523641882,-415.48782,-29.786587,295.3811
1621523641884,-232.11891,3.292683,306.7683
1621523641913,-38.384148,-21.17378,267.37805
1621523641942,-69.00915,93.23171,199.5122
1621523641944,84.618904,17.57622,42.560978
1621523641972,201.69208,-18.292683,-74.42073
1621523642002,100.30488,65.289635,-81.768295
1621523642002,67.07317,34.710365,-100.243904
1621523642033,97.27135,-11.32622,-151.75305
1621523642061,132.01219,-14.832317,-193.0183
1621523642064,151.66159,3.7347562,-211.60062
1621523642092,168.75,-1.7073171,-217.74391
1621523642123,191.50916,-18.658537,-221.875
1621523642124,210.3811,-27.408537,-223.75
1621523642152,224.03964,-35.030487,-221.79878
1621523642182,234.87805,-42.743904,-217.10367
1621523642182,236.21951,-29.80183,-216.69208
1621523642211,224.5122,-21.09756,-227.54573
1621523642241,199.42073,-26.509148,-237.3933
1621523642242,163.84146,-62.942074,-228.8872
1621523642271,105.79269,-43.246952,-163.99391
1621523642302,57.987804,-0.5640244,-56.935978
1621523642302,6.402439,8.67378,28.094513
1621523642332,-144.81708,-34.52744,80.36585
1621523642363,-321.82928,107.347565,71.61585
1621523642363,-409.03964,263.65854,59.32927
1621523642391,-8.125,-14.557927,219.11586
1621523642421,61.798782,104.63415,115.03049
1621523642421,-25.381098,31.631098,-6.1737804
1621523642450,20.945122,-46.35671,-1.8597561
1621523642480,5.030488,15.426829,7.042683
1621523642483,3.612805,11.067074,10.198171
1621523642513,4.085366,2.7439024,9.557927
1621523642542,0.71646345,3.2317073,15.121951
1621523642543,-2.4695122,2.637195,9.847561
1621523642572,-4.10061,0.0,7.865854
1621523642601,-4.131098,-6.3414636,2.9115853
1621523642604,-4.7865853,-10.167684,1.3719512
1621523642632,-5.335366,-9.557927,2.7743902
1621523642661,-4.8018293,-8.734756,3.3841465
1621523642663,-4.1920733,-8.567074,4.6951222
1621523642693,-2.8810976,-5.7164636,9.253049
1621523642722,-1.097561,-0.9603659,15.289635
1621523642722,-0.42682928,2.8810976,19.359756
1621523642751,-0.79268295,3.8262196,20.35061
1621523642784,-2.210366,3.277439,21.25
1621523642784,-4.893293,4.375,24.405489
1621523642812,-8.429878,6.5091467,28.75
1621523642842,-13.125,0.19817074,33.734756
1621523642842,-34.878048,-9.939025,48.871952
1621523642871,-81.85976,-25.442074,70.01524
1621523642902,-132.86586,-70.10671,70.21342
1621523642902,-227.16464,-126.143295,77.86585
1621523642933,-378.44513,-205.64024,113.70427
1621523642962,-499.49695,-245.04573,189.66464
1621523642962,-499.49695,-236.40245,302.4695
1621523642993,-374.25305,-67.86585,423.0183
1621523643023,-137.89635,-45.625,378.65854
1621523643051,5.472561,-46.12805,259.25305
1621523643054,130.0,72.45427,206.67683
1621523643082,273.97867,53.810978,126.23476
1621523643112,169.31403,104.14635,47.97256
1621523643112,101.43293,50.807926,-56.265244
1621523643142,104.847565,1.7530488,-162.8811
1621523643172,105.89939,3.7804878,-226.3872
1621523643172,121.50915,13.109756,-257.69818
1621523643200,167.43903,8.643292,-273.0945
1621523643231,217.85062,7.0884147,-271.44818
1621523643232,259.55792,-2.317073,-260.0
1621523643261,289.57318,-29.161587,-247.19513
1621523643291,306.40244,-50.57927,-238.68903
1621523643292,305.44208,-38.887196,-241.70732
1621523643322,273.21646,-1.8445122,-264.69513
1621523643352,217.94208,16.417683,-291.37195
1621523643352,173.65854,6.5091467,-271.70734
1621523643381,130.18292,38.323174,-157.80489
1621523643412,82.164635,26.67683,3.9634147
1621523643412,24.756098,-68.07927,89.23781
1621523643443,-40.625,-105.57927,103.09451
1621523643472,-277.05792,102.51524,144.92378
1621523643474,-328.73477,26.661587,195.35062
1621523643503,-9.832317,82.82012,254.93903
1621523643531,-15.609756,209.72562,71.097565
1621523643533,-1.4634147,-2.362805,-14.847561
1621523643562,10.213415,-21.67683,-2.667683
1621523643592,-2.7439024,21.692074,4.6189027
1621523643592,-0.9603659,1.2042683,6.280488
1621523643623,-3.2012196,-8.323171,-0.04573171
1621523643651,-2.698171,-13.323171,3.0792685
1621523643654,-3.2164636,-12.881098,2.5457318
1621523643682,-4.054878,-10.807927,2.179878
1621523643713,-4.847561,-11.905488,0.6402439
1621523643713,-5.1981707,-12.926829,-0.13719513
1621523643742,-4.1920733,-10.807927,2.0731707
1621523643772,-2.7591465,-6.9359756,4.3140244
1621523643772,-1.6310976,-2.6067073,6.0365853
1621523643801,-0.625,1.2652439,6.3109756
1621523643831,0.25914633,4.893293,6.402439
1621523643832,1.0518293,9.359756,7.22561
1621523643861,1.6006098,12.667684,8.429878
1621523643892,2.2408538,13.429878,9.786586
1621523643892,2.8506098,12.911586,11.371951
1621523643922,3.4298782,11.829268,13.155488
1621523643952,4.4817076,10.564025,15.503049
1621523643952,4.5884147,7.9115853,16.05183
1621523643981,3.75,5.5487804,15.960366
1621523644011,1.8597561,4.085366,18.246952
1621523644012,-1.0060976,1.6768293,19.771341
1621523644042,-6.2042685,1.4786586,24.375
1621523644072,-14.588415,1.3109757,34.740856
1621523644074,-32.378048,-15.777439,40.060978
1621523644102,-94.5122,-56.448174,56.798782
1621523644131,-182.82013,-125.564026,71.96647
1621523644133,-295.2134,-206.25,88.14024
1621523644162,-469.86282,-239.46648,132.8811
1621523644191,-499.49695,-266.85977,178.35367
1621523644194,-411.2195,-164.80183,259.5884
1621523644223,-235.97562,-98.70427,292.68292
1621523644251,-57.484756,-146.84451,238.79573
1621523644253,-51.173782,24.17683,205.54878
1621523644282,74.87805,85.289635,137.43903
1621523644312,267.97256,51.219513,50.42683
1621523644312,238.81097,138.29268,31.75305
1621523644343,196.70732,134.46646,8.277439
1621523644372,182.37805,77.33232,-61.082317
1621523644372,183.59756,30.304878,-135.70122
1621523644400,176.7683,33.567074,-179.55794
1621523644431,181.26524,42.423782,-201.85976
1621523644433,203.90245,34.192074,-213.24696
1621523644461,230.91464,20.42683,-212.59146
1621523644492,255.86891,0.51829267,-202.10367
1621523644492,271.95123,-22.012196,-190.65549
1621523644521,267.13416,-22.42378,-196.40245
1621523644551,237.36281,-8.612805,-227.74391
1621523644551,193.99391,-16.432928,-262.30185
1621523644582,161.72256,-47.469513,-247.71342
1621523644611,109.222565,-4.847561,-135.71646
1621523644612,59.28354,34.435978,21.935976
1621523644641,5.8841467,-8.75,112.8811
1621523644670,-73.246956,-75.89939,133.26219
1621523644674,-315.07623,107.82012,113.246956
1621523644702,-321.29575,281.6616,135.44208
1621523644732,-60.0,-136.17378,169.83232
1621523644734,54.359756,-21.036587,78.643295
1621523644762,14.3902445,61.189026,21.814024
1621523644791,23.506098,-11.935976,8.689025
1621523644794,3.7195122,22.942074,7.3170733
1621523644822,2.042683,21.60061,12.393293
1621523644851,-0.21341464,6.4634147,8.734756
1621523644854,-2.317073,2.5,11.280488
1621523644882,-4.527439,3.125,11.219512
1621523644912,-5.5945125,1.5396342,7.14939
1621523644912,-6.432927,-1.1128049,3.8262196
1621523644943,-7.1036587,-3.6432927,2.057927
1621523644974,-6.3109756,-4.8170733,2.7134147
1621523644974,-5.533537,-4.5731707,2.7896342
1621523645002,-4.756098,-2.5762196,2.9115853
1621523645032,-4.115854,0.076219514,3.7804878
1621523645032,-3.2469513,3.003049,5.2591467
1621523645061,-1.7378049,6.646342,7.789634
1621523645091,-0.5335366,10.442074,9.64939
1621523645092,-0.36585367,12.682927,10.625
1621523645123,-1.097561,12.728659,12.240854
1621523645152,-2.378049,10.243902,14.954268
1621523645152,-5.015244,4.375,16.875
1621523645182,-8.948171,-3.628049,18.55183
1621523645211,-12.57622,-12.42378,20.457317
1621523645212,-28.47561,-18.216463,31.158537
1621523645242,-46.67683,-23.368902,43.292683
1621523645272,-60.213417,-31.341465,47.362804
1621523645274,-108.93293,-53.567074,72.51524
1621523645302,-217.45427,-53.216465,151.26524
1621523645332,-328.6433,-84.20732,189.2683
1621523645364,-481.37195,-159.63416,228.20122
1621523645364,-460.56403,-214.07013,307.13416
1621523645391,-246.85976,-23.70427,375.82318
1621523645422,-127.347565,27.34756,340.71646
1621523645422,-54.862804,79.11585,207.65245
1621523645451,85.73171,47.759148,61.98171
1621523645481,209.1311,-15.716464,-58.185978
1621523645483,113.8872,57.393295,-84.90854
1621523645512,73.82622,31.768293,-110.472565
1621523645542,96.50915,-14.10061,-163.75
1621523645542,124.451225,-15.137196,-201.66159
1621523645571,147.8811,0.4878049,-220.35062
1621523645601,180.7927,-9.146341,-230.73172
1621523645602,218.59756,-25.54878,-232.94208
1621523645632,247.6677,-43.155487,-225.32013
1621523645662,255.59451,-59.862804,-216.02135
1621523645662,242.05794,-51.98171,-216.20427
1621523645692,221.08232,-7.789634,-228.2927
1621523645721,182.6677,57.2561,-245.42683
1621523645723,137.10367,78.84147,-256.1433
1621523645753,99.64939,53.65854,-225.10672
1621523645782,55.518295,58.20122,-123.551834
1621523645784,15.731708,10.838415,-3.7042685
1621523645813,-87.31708,-37.240856,83.460365
1621523645842,-294.25305,125.121956,123.03354
1621523645842,-248.49086,145.32013,173.90245
1621523645872,113.93293,-65.518295,186.28049
1621523645902,-11.371951,50.259148,11.158537
1621523645902,25.929878,1.8902439,25.77744
1621523645931,9.847561,16.32622,10.518293
1621523645963,-8.67378,26.448172,13.7652445
1621523645963,-6.143293,4.054878,9.29878
1621523645991,-7.256098,0.25914633,10.503049
1621523646021,-7.77439,3.582317,12.042684
1621523646021,-8.932927,-0.42682928,5.4268293
1621523646052,-9.954268,-6.585366,4.009146
1621523646082,-9.756098,-11.2652445,2.804878
1621523646082,-9.618902,-12.42378,2.5304878
1621523646113,-9.939025,-11.463415,2.2865853
1621523646142,-8.795732,-9.893293,2.8963416
1621523646142,-7.378049,-6.8597565,5.7164636
1621523646171,-5.5792685,-1.2195122,9.512196
1621523646201,-3.887195,4.4359756,10.823171
1621523646201,-2.4390244,8.47561,10.579268
1621523646231,-1.2804878,10.807927,11.707317
1621523646261,-0.32012194,11.646341,13.978659
1621523646262,0.32012194,11.570122,16.82927
1621523646292,1.9359757,9.939025,19.29878
1621523646321,3.3993902,5.1067076,19.862804
1621523646323,-2.2408538,0.10670732,22.195122
1621523646353,-15.320123,-4.237805,33.460365
1621523646382,-38.125,-16.966463,50.42683
1621523646384,-83.20122,-38.643295,62.30183
1621523646413,-129.14635,-71.631096,67.08842
1621523646442,-221.44818,-108.79573,91.69208
1621523646442,-337.4695,-148.6433,137.57622
1621523646472,-485.21344,-193.49086,199.2683
1621523646502,-499.49695,-310.73172,279.7866
1621523646502,-389.48172,-218.62805,360.1677
1621523646530,-158.27744,-139.6494,323.7195
1621523646563,6.646342,-43.338417,219.66464
1621523646563,9.131098,158.09451,142.7744
1621523646592,230.68597,81.90549,35.716465
1621523646621,199.87805,118.21647,-4.8018293
1621523646622,142.57622,96.935974,-40.243904
1621523646652,147.74391,45.15244,-116.55488
1621523646682,158.03354,49.207317,-179.07013
1621523646682,165.85367,64.710365,-211.18903
1621523646713,191.44818,52.591465,-226.92073
1621523646742,229.48172,35.57927,-230.24391
1621523646742,270.73172,25.289635,-224.40549
1621523646771,311.85977,3.902439,-215.45732
1621523646802,337.86588,-21.75305,-207.83537
1621523646802,313.58234,-25.960367,-226.09756
1621523646831,242.68294,-23.689026,-283.70428
1621523646861,170.1067,-52.713417,-341.72256
1621523646863,114.939026,-26.524391,-290.0305
1621523646892,79.67988,82.28659,-86.90549
1621523646921,58.39939,61.021343,106.44817
1621523646923,16.234756,-78.53659,165.47256
1621523646952,-160.5183,-51.09756,184.05489
1621523646982,-360.68597,190.68597,158.26219
1621523646984,32.057926,46.966465,207.97256
1621523647012,30.182928,134.86281,123.73476
1621523647042,-37.57622,79.05488,13.506098
1621523647042,21.493902,-32.560978,11.52439
1621523647072,0.36585367,11.478659,4.679878
1621523647104,-7.042683,18.20122,12.012196
1621523647104,-5.1067076,-0.8231707,5.8536587
1621523647132,-6.295732,-6.631098,5.4573174
1621523647163,-6.890244,-5.655488,7.1189027
1621523647164,-7.7591467,-5.762195,4.420732
1621523647192,-8.551829,-8.018292,3.1554878
1621523647222,-8.67378,-10.182927,2.2865853
1621523647222,-8.033537,-9.02439,4.009146
1621523647252,-6.3414636,-6.920732,4.9237804
1621523647282,-4.6189027,-3.6432927,5.5487804
1621523647282,-3.3384147,0.77743906,6.8597565
1621523647313,-1.6615855,4.8323174,8.39939
1621523647342,-0.36585367,8.47561,11.814025
1621523647342,0.4878049,10.0,15.807927
1621523647371,1.1280488,9.45122,17.865854
1621523647401,1.3414634,8.932927,18.841463
1621523647401,2.3018293,9.29878,22.34756
1621523647432,3.8262196,8.1402445,27.393293
1621523647463,3.7347562,4.0701222,30.030489
1621523647464,0.6402439,-2.957317,29.84756
1621523647492,-8.780488,-12.911586,28.216465
1621523647522,-35.259148,-20.625,33.932926
1621523647551,-94.87805,-28.323172,62.896343
1621523647552,-183.67378,-57.317074,109.5122
1621523647582,-270.74695,-113.30793,130.71646
1621523647584,-366.25,-157.89635,146.41768
1621523647612,-499.49695,-166.72256,228.99391
1621523647641,-484.81708,-131.89024,311.67685
1621523647671,-279.5884,-2.210366,365.97562
1621523647673,-70.060974,41.417683,319.45123
1621523647701,-31.417685,120.60976,189.8933
1621523647731,33.536587,99.28354,69.939026
1621523647732,206.20427,-49.1311,-63.536587
1621523647761,125.80793,17.789635,-91.50915
1621523647792,93.29269,22.30183,-114.55793
1621523647792,131.72256,-19.679878,-175.68597
1621523647822,167.98781,-26.05183,-220.45732
1621523647852,192.33232,-11.295732,-239.00916
1621523647852,221.26524,-18.62805,-246.64635
1621523647882,254.48172,-40.060978,-247.6677
1621523647912,278.68903,-54.25305,-240.2744
1621523647914,275.60977,-53.887196,-236.60062
1621523647942,254.71037,-28.55183,-248.8872
1621523647972,220.68597,37.987804,-275.32013
1621523647974,179.43597,68.42988,-302.7134
1621523648003,144.49695,40.0,-270.42685
1621523648031,94.54269,74.58842,-119.451225
1621523648034,52.713417,43.993904,55.411587
1621523648063,-56.844513,-75.746956,128.03354
1621523648092,-317.1189,106.02135,104.90854
1621523648092,-298.30792,175.45732,135.77744
1621523648122,110.564026,58.140244,197.10367
1621523648153,-25.685976,139.17683,25.182928
1621523648154,7.987805,-19.359756,-1.6310976
1621523648181,12.14939,-2.057927,0.4878049
1621523648212,-4.009146,37.682926,15.411586
1621523648212,0.83841467,10.0,9.3902445
1621523648241,-1.4634147,-1.5548781,5.7012196
1621523648272,-1.722561,-0.12195122,11.2652445
1621523648273,-3.7804878,-0.5792683,7.393293
1621523648302,-5.289634,-4.1768293,4.8018293
1621523648331,-5.792683,-9.131098,2.362805
1621523648332,-5.182927,-9.679878,2.9115853
1621523648361,-4.1768293,-7.698171,4.542683
1621523648391,-3.3993902,-5.4573174,5.0609756
1621523648391,-2.820122,-2.7134147,6.265244
1621523648420,-2.3475611,1.4939024,8.04878
1621523648450,-1.6768293,7.0884147,10.472561
1621523648451,-0.92987806,11.310976,11.570122
1621523648482,-0.44207317,12.987805,12.530488
1621523648512,-0.27439025,12.637196,15.07622
1621523648514,-0.21341464,11.722561,17.820122
1621523648542,-0.42682928,10.0,19.771341
1621523648572,-4.496951,6.4634147,23.70427
1621523648574,-15.503049,1.3567073,29.969513
1621523648602,-28.368902,-9.740854,36.082317
1621523648631,-48.90244,-21.72256,44.298782
1621523648634,-103.993904,-35.762196,68.23171
1621523648662,-187.48476,-81.23476,106.189026
1621523648694,-307.65244,-156.95122,152.71342
1621523648694,-433.58234,-246.90549,186.05183
1621523648722,-499.49695,-223.61281,246.85976
1621523648753,-388.10977,-167.7744,332.33234
1621523648753,-182.13416,-28.932928,374.45123
1621523648782,-80.18293,19.92378,304.31403
1621523648812,-78.643295,92.89635,194.11586
1621523648812,82.80488,97.393295,76.310974
1621523648842,202.7744,49.192074,-43.55183
1621523648872,122.95732,82.08842,-74.46647
1621523648872,94.801834,24.695122,-102.95732
1621523648903,112.86586,-27.682928,-148.8567
1621523648931,131.9817,-25.884148,-185.82318
1621523648932,152.94208,-12.896341,-209.03964
1621523648961,186.03659,-28.871952,-223.09451
1621523648991,218.67378,-48.871952,-228.96342
1621523648991,238.85672,-57.286587,-227.11891
1621523649020,253.35367,-63.246952,-223.44513
1621523649051,262.75916,-56.6311,-218.55183
1621523649052,250.33537,-26.09756,-224.57318
1621523649083,214.96951,7.545732,-250.99086
1621523649112,170.2744,16.356709,-285.42685
1621523649114,135.82318,19.984756,-273.06403
1621523649142,92.560974,80.381096,-154.90854
1621523649172,49.557926,78.32317,7.164634
1621523649174,-5.0762196,-42.957317,83.78049
1621523649201,-118.42988,-77.926834,117.68293
1621523649231,-326.96646,123.03354,122.40854
1621523649234,-225.07622,-14.359756,172.08842
1621523649262,55.89939,-70.472565,132.28659
1621523649293,-27.835367,142.68294,14.679878
1621523649293,-5.5487804,2.9725611,4.8018293
1621523649322,-2.5457318,-1.6463414,-1.2042683
1621523649352,-5.8841467,45.640244,17.530489
1621523649352,-2.804878,27.057928,14.832317
1621523649380,-5.5945125,11.875,7.77439
1621523649411,-6.5701222,9.786586,8.887196
1621523649412,-4.375,10.106708,8.658537
1621523649441,-2.957317,8.963415,6.920732
1621523649471,-3.0182927,4.496951,5.137195
1621523649473,-4.085366,1.9207318,3.9176831
1621523649502,-4.115854,1.8902439,3.6737807
1621523649532,-3.5670733,2.4542685,3.292683
1621523649532,-2.7439024,3.8567073,4.283537
1621523649561,-1.1737806,6.25,7.408537
1621523649590,0.24390244,8.75,10.685976
1621523649591,0.71646345,10.27439,12.271341
1621523649620,0.13719513,10.54878,12.347561
1621523649650,-0.5487805,10.990854,13.125
1621523649654,-1.097561,11.570122,14.969513
1621523649683,-1.6158537,11.966464,17.02744
1621523649712,-1.8140244,11.356708,19.161587
1621523649714,-4.9695125,11.95122,24.817074
1621523649743,-10.381098,14.329268,35.53354
1621523649772,-14.64939,14.801829,43.338417
1621523649774,-22.256098,14.161586,51.0061
1621523649802,-38.90244,8.993902,59.298782
1621523649831,-59.22256,-6.3109756,63.841465
1621523649862,-96.06708,-33.39939,66.539635
1621523649862,-169.39024,-63.948174,94.19208
1621523649893,-242.74391,-94.23781,134.54268
1621523649921,-383.3384,-142.86586,198.82622
1621523649922,-499.49695,-226.50916,285.77744
1621523649951,-384.0549,-137.78964,371.5549
1621523649980,-105.82317,18.70427,371.95123
1621523649981,-104.16159,109.57317,346.0366
1621523650010,-103.39939,101.75305,162.56097
1621523650040,97.560974,-6.3567076,-68.506096
1621523650041,155.91464,16.554878,-157.80489
1621523650071,78.09451,74.63415,-126.46342
1621523650102,81.875,9.481708,-132.08842
1621523650102,130.82318,-42.057926,-172.10367
1621523650130,161.11281,-21.966463,-199.46646
1621523650160,187.75916,-8.338415,-213.99391
1621523650163,219.6494,-23.018293,-221.61586
1621523650190,249.34451,-34.496952,-220.60976
1621523650220,271.1738,-32.621952,-216.73781
1621523650221,270.7927,-28.384148,-221.1433
1621523650250,243.65854,-17.911585,-243.49086
1621523650282,201.40245,3.3384147,-281.67685
1621523650282,159.20732,0.38109756,-317.92685
1621523650310,120.99086,-3.262195,-300.82318
1621523650342,87.301834,72.94208,-167.62195
1621523650342,71.29573,90.03049,23.27744
1621523650371,-22.073172,-13.612805,129.39024
1621523650400,-250.10672,74.664635,149.46646
1621523650401,-385.2439,329.07013,114.5122
1621523650430,-136.26524,-27.606709,172.16464
1621523650461,75.89939,-14.695123,92.69817
1621523650462,-22.37805,69.039635,0.7012195
1621523650491,24.496952,-34.085365,-0.71646345
1621523650521,-0.39634147,15.07622,2.987805
1621523650522,3.932927,15.030488,9.481708
1621523650552,4.634146,-2.4847562,4.268293
1621523650580,-0.06097561,0.27439025,10.564025
1621523650582,-2.6219513,1.4939024,9.817074
1621523650611,-5.27439,-0.99085367,7.545732
1621523650641,-6.2347565,-6.0670733,6.25
1621523650642,-6.5091467,-8.948171,5.152439
1621523650671,-6.128049,-8.155488,6.128049
1621523650701,-5.167683,-5.2134147,7.5762196
1621523650702,-3.4756098,-2.027439,9.72561
1621523650732,-1.4481708,1.7987806,14.009147
1621523650762,-0.39634147,6.021342,17.865854
1621523650764,-0.6859756,9.939025,20.030489
1621523650792,0.41158536,11.143293,22.45427
1621523650821,1.5548781,9.740854,24.771341
1621523650824,2.6219513,7.7591467,28.018293
1621523650852,3.0487804,5.4115853,31.920732
1621523650884,-2.5457318,4.9390244,38.932926
1621523650884,-26.524391,5.121951,55.411587
1621523650912,-55.3811,-9.375,76.35671
1621523650943,-110.57927,-38.628048,102.75915
1621523650943,-198.75,-86.40244,123.44512
1621523650972,-335.3811,-151.7683,154.61891
1621523651002,-483.4604,-223.93294,235.94513
1621523651002,-499.49695,-211.99696,341.81403
1621523651031,-439.0854,-62.698174,425.625
1621523651060,-138.65854,-35.518295,395.97562
1621523651062,0.39634147,-41.890244,250.625
1621523651092,50.685978,77.6372,79.20732
1621523651122,229.20732,31.554878,-46.935978
1621523651122,146.28049,68.82622,-84.435974
1621523651151,92.33232,18.948172,-99.939026
1621523651181,115.79269,-41.707317,-159.7561
1621523651181,151.12805,-38.185978,-218.23172
1621523651211,179.16159,-10.0,-250.54878
1621523651242,210.35062,-13.902439,-263.14026
1621523651242,240.10672,-39.085365,-262.33234
1621523651271,264.60367,-57.743904,-250.74696
1621523651301,279.9695,-55.975613,-238.61281
1621523651304,277.4238,-26.310976,-234.31403
1621523651332,249.1311,20.167683,-253.06403
1621523651362,212.53049,68.414635,-293.9177
1621523651364,176.28049,61.32622,-327.40854
1621523651392,146.89024,21.158537,-275.30487
1621523651421,112.789635,61.90549,-71.44817
1621523651424,84.77135,28.04878,124.10062
1621523651452,6.0670733,-79.893295,170.19818
1621523651482,-316.29575,105.60976,150.22867
1621523651482,-394.74088,98.90244,223.76524
1621523651511,-8.993902,-104.00915,182.98781
1621523651544,35.060978,165.48781,55.0
1621523651544,-9.679878,-10.97561,-13.307927
1621523651571,7.4390244,-27.560976,-7.5914636
1621523651602,-0.4878049,31.341465,13.612805
1621523651602,-2.012195,16.554878,14.634147
1621523651631,-3.0945122,-2.012195,7.164634
1621523651662,-3.5975611,-4.222561,9.817074
1621523651663,-4.679878,-2.667683,6.920732
1621523651692,-5.914634,-3.5518293,6.143293
1621523651722,-7.7439027,-4.1920733,5.8231707
1621523651722,-8.719512,-1.9054879,8.277439
1621523651752,-8.094512,2.1493902,12.22561
1621523651782,-5.7012196,4.2987804,13.658537
1621523651782,-3.6890244,5.7317076,14.131098
1621523651813,-1.9512196,6.4481707,15.0
1621523651842,0.09146342,8.246951,17.057928
1621523651842,2.012195,11.189025,18.75
1621523651872,1.9969512,12.378049,19.756098
1621523651902,0.7621951,11.448171,21.72256
1621523651903,-2.2713416,8.262196,23.856709
1621523651933,-6.920732,2.957317,29.72561
1621523651962,-12.042684,-5.4573174,37.393295
1621523651964,-8.39939,-16.280489,48.307926
1621523651993,-46.920734,-18.67378,75.35061
1621523652021,-113.368904,-56.966465,94.7561
1621523652024,-206.84451,-119.64939,102.926834
1621523652052,-360.625,-173.35367,133.27744
1621523652082,-499.49695,-225.28964,191.02135
1621523652112,-499.49695,-202.10367,289.55792
1621523652112,-368.4299,-72.08842,367.65244
1621523652142,-182.19513,-62.942074,335.4116
1621523652172,12.698171,-52.713417,200.60976
1621523652172,104.19208,69.45122,118.551834
1621523652201,237.05794,56.32622,70.1372
1621523652231,165.07622,84.67988,20.50305
1621523652232,133.97867,38.368904,-65.060974
1621523652261,147.82013,-7.652439,-165.36586
1621523652291,146.78354,2.7896342,-223.44513
1621523652293,156.69208,14.435976,-250.92989
1621523652322,186.40245,2.682927,-264.375
1621523652352,220.3811,-9.161586,-265.30487
1621523652354,253.03354,-12.454268,-255.82318
1621523652382,280.06097,-11.646341,-242.94208
1621523652412,285.15244,-1.9207318,-245.67073
1621523652412,263.0488,10.411586,-280.22867
1621523652443,225.22867,19.695122,-317.75916
1621523652471,201.03659,13.292684,-307.40854
1621523652474,176.64635,32.72866,-186.5244
1621523652503,133.20122,66.92073,28.932928
1621523652532,63.140244,-25.045732,144.32927
1621523652532,-179.7561,-31.966465,152.6677
1621523652561,-428.49088,210.24391,154.71037
1621523652590,-72.789635,-27.149391,227.02745
1621523652592,29.95427,53.82622,82.86585
1621523652622,-4.740854,27.804878,10.472561
1621523652652,17.987804,-47.97256,14.039635
1621523652652,2.3932927,27.789635,6.737805
1621523652683,-1.1890244,22.362806,11.387196
1621523652712,-2.317073,2.6067073,8.216464
1621523652712,-2.7743902,3.0487804,6.9512196
1621523652742,-2.957317,3.612805,10.121951
1621523652772,-3.5060976,3.292683,7.0884147
1621523652772,-3.7042685,0.79268295,5.0609756
1621523652801,-3.932927,-0.91463417,2.9268293
1621523652831,-3.307927,0.5792683,2.042683
1621523652831,-1.7987806,4.268293,2.4237804
1621523652861,-0.12195122,7.1189027,3.7347562
1621523652892,1.0213414,8.1402445,6.3109756
1621523652892,0.51829267,8.963415,8.67378
1621523652922,-0.24390244,10.746951,10.152439
1621523652952,0.12195122,13.75,12.103659
1621523652954,0.44207317,14.939025,13.1402445
1621523652983,-0.12195122,13.978659,13.246951
1621523653013,-0.92987806,11.32622,14.4207325
1621523653013,-1.7378049,7.7134147,18.185976
1621523653042,-2.7439024,3.9176831,22.149391
1621523653074,-4.2073174,-0.22865854,25.137196
1621523653074,-4.3292685,-5.8384147,26.814026
1621523653103,-8.856708,-10.365854,26.966463
1621523653134,-21.509148,-17.92683,29.10061
1621523653134,-59.298782,-14.588415,57.53049
1621523653161,-115.32012,-36.417683,89.222565
1621523653192,-226.05183,-83.00305,133.09451
1621523653192,-349.64938,-159.69513,178.2927
1621523653222,-494.77136,-186.72256,249.61891
1621523653252,-499.49695,-44.48171,314.9238
1621523653252,-373.3689,28.978659,369.3445
1621523653283,-114.48171,1.417683,340.5488
1621523653312,29.115854,62.98781,193.76524
1621523653312,151.67683,61.387196,89.39024
1621523653343,228.07927,7.3323174,-0.91463417
1621523653372,124.69512,28.216465,-42.637196
1621523653372,87.28659,-26.09756,-95.54878
1621523653400,92.439026,-67.86585,-165.25916
1621523653431,97.439026,-56.371952,-214.42073
1621523653432,117.85061,-40.89939,-241.67683
1621523653462,154.58842,-50.518295,-258.17075
1621523653491,194.80183,-65.518295,-263.3689
1621523653493,228.70427,-60.30488,-248.9177
1621523653522,252.91159,-46.75305,-224.19208
1621523653551,253.09451,-31.067074,-216.1433
1621523653554,225.91464,-12.454268,-239.375
1621523653582,185.0,16.32622,-272.19513
1621523653612,153.73476,8.064025,-282.60672
1621523653612,118.597565,16.539635,-217.7744
1621523653642,71.768295,51.295734,-77.42378
1621523653674,30.823172,12.713415,42.057926
1621523653674,-56.417683,-61.05183,96.189026
1621523653702,-124.95427,-44.115856,108.125
1621523653734,-363.17075,201.60062,87.42378
1621523653734,-241.85976,206.57013,199.08537
1621523653761,115.914635,76.69208,207.97256
1621523653792,-27.957317,95.54878,6.4786587
1621523653792,12.484756,-33.628048,2.317073
1621523653821,9.466464,2.1493902,1.6920732
1621523653852,-0.15243903,22.37805,10.472561
1621523653852,1.5091463,3.902439,4.3292685
1621523653883,0.7012195,0.42682928,7.7591467
1621523653912,0.85365856,2.7896342,11.371951
1621523653912,-1.9817073,3.3689024,7.012195
1621523653942,-3.7957318,-0.35060975,4.771342
1621523653972,-5.0914636,-4.710366,1.7073171
1621523653972,-4.9542685,-6.3109756,3.2469513
1621523654002,-4.375,-6.4939027,4.8018293
1621523654032,-3.5060976,-5.0,5.8231707
1621523654032,-2.667683,-3.262195,6.7225614
1621523654063,-1.5548781,-0.8231707,9.222561
1621523654091,0.030487806,3.445122,13.231708
1621523654093,1.5091463,7.9115853,16.067074
1621523654122,2.9115853,9.3902445,16.554878
1621523654152,5.0914636,8.246951,18.307928
1621523654154,6.9969516,4.862805,21.143293
1621523654182,7.6067076,-3.003049,25.167683
1621523654212,-5.1067076,-10.731708,38.07927
1621523654212,-45.137196,-12.362805,67.04269
1621523654243,-98.14024,-37.469513,90.83842
1621523654274,-187.62195,-104.72561,114.77135
1621523654274,-370.88416,-184.2683,160.03049
1621523654302,-499.49695,-262.69818,211.85976
1621523654331,-484.22256,-325.22867,299.5884
1621523654362,-314.48172,-118.5061,376.89026
1621523654362,-132.56097,-89.28354,330.99088
1621523654391,-35.030487,-47.393295,206.20427
1621523654422,96.96647,87.42378,109.48171
1621523654422,275.4116,87.210365,14.176829
1621523654451,204.03964,117.56098,-21.265244
1621523654481,149.32927,36.265244,-64.58842
1621523654482,148.52135,-21.32622,-138.3994
1621523654513,151.6311,-9.573171,-197.95732
1621523654542,157.37805,9.161586,-231.84451
1621523654542,181.78354,-5.807927,-248.47562
1621523654571,215.99086,-23.75,-251.47867
1621523654601,249.08537,-30.50305,-242.78964
1621523654603,277.54575,-32.835365,-229.84756
1621523654633,290.15244,-26.783537,-218.82622
1621523654661,270.625,1.0518293,-224.14635
1621523654663,219.10062,19.054878,-260.0
1621523654693,169.34451,-2.3932927,-271.43292
1621523654722,105.04573,34.832317,-167.68294
1621523654722,60.564026,75.04573,-0.5335366
1621523654751,14.207317,-5.914634,85.076225
1621523654781,-85.625,-132.53049,85.701225
1621523654781,-306.32623,32.2561,93.39939
1621523654811,-382.1799,339.07013,131.60062
1621523654842,6.143293,-56.234756,197.19513
1621523654843,72.89634,59.1311,97.10366
1621523654872,-24.009148,80.41159,17.515244
1621523654902,18.429878,-5.487805,29.420732
1621523654902,7.9725614,21.40244,20.97561
1621523654932,-5.045732,24.893293,13.82622
1621523654962,-2.3932927,7.4237804,12.088415
1621523654962,-3.8414636,4.0701222,9.420732
1621523654991,-4.10061,3.0792685,10.213415
1621523655020,-4.4664636,2.179878,6.9969516
1621523655021,-3.9786587,1.0823171,5.137195
1621523655050,-3.8414636,-0.9603659,3.2317073
1621523655081,-3.4756098,-1.1737806,3.323171
1621523655084,-3.277439,1.570122,5.030488
1621523655112,-2.195122,4.390244,8.277439
1621523655141,1.6310976,6.2195125,11.417684
1621523655144,4.039634,7.5762196,12.469513
1621523655172,4.1463413,9.268292,14.070123
1621523655201,4.9390244,10.670732,16.036585
1621523655204,5.289634,11.128049,17.118902
1621523655232,2.378049,21.844513,25.945122
1621523655261,0.32012194,20.70122,24.314026
1621523655264,4.6951222,10.89939,21.539635
1621523655293,6.7225614,9.359756,24.80183
1621523655322,4.4664636,3.5213416,26.67683
1621523655322,-2.1493902,-3.582317,29.756098
1621523655352,-13.643293,-9.405488,35.396343
1621523655381,-28.917683,-27.515245,36.67683
1621523655382,-59.55793,-59.02439,40.213417
1621523655412,-175.04573,-51.890244,123.27744
1621523655441,-264.00916,-122.301834,176.85976
1621523655443,-402.9116,-186.29573,211.81403
1621523655473,-499.49695,-208.04878,286.50916
1621523655502,-483.9177,-28.810976,332.6677
1621523655502,-247.83537,112.28659,348.7195
1621523655532,0.32012194,139.55794,300.60977
1621523655562,70.35061,131.23476,139.14635
1621523655562,66.50915,83.064026,-3.125
1621523655591,190.07622,-64.81708,-112.42378
1621523655622,111.61586,-2.0884147,-129.17683
1621523655622,109.87805,-22.804878,-143.62805
1621523655652,159.78659,-67.75915,-178.67378
1621523655681,185.59451,-70.39634,-202.0122
1621523655683,192.13416,-63.536587,-217.71342
1621523655712,204.23781,-75.09147,-231.05183
1621523655742,215.86891,-73.368904,-240.59451
1621523655742,218.125,-54.862804,-243.18597
1621523655772,208.27745,-29.649391,-243.32318
1621523655801,194.77135,7.5762196,-247.45427
1621523655804,181.21951,41.539635,-257.5305
1621523655832,167.48476,54.740856,-265.19818
1621523655864,155.86891,25.442074,-245.0
1621523655864,116.189026,18.948172,-139.4817
1621523655892,64.78659,11.204268,5.030488
1621523655924,40.182926,-47.469513,74.268295
1621523655924,-3.7957318,-75.65549,95.59451
1621523655951,-76.21951,-39.771343,127.54574
1621523655982,-196.09756,20.15244,143.20122
1621523655982,-306.05185,128.27744,121.69208
1621523656012,-215.21342,126.21951,166.28049
1621523656042,122.42378,-64.90854,157.30183
1621523656043,4.4512196,66.26524,10.670732
1621523656073,6.2347565,-9.359756,7.5
1621523656102,13.04878,-12.5152445,-1.6310976
1621523656102,-1.9969512,20.990854,0.6097561
1621523656133,-0.35060975,8.20122,8.689025
1621523656162,-3.5670733,1.7682927,6.7987804
1621523656162,-5.762195,-0.39634147,8.033537
1621523656191,-7.515244,-2.012195,3.262195
1621523656220,-9.146341,-8.429878,-0.5640244
1621523656222,-10.0152445,-15.243903,-1.6310976
1621523656251,-9.222561,-15.594513,0.10670732
1621523656281,-8.094512,-11.768293,1.5243902
1621523656284,-5.960366,-9.039635,3.8109758
1621523656312,-2.9115853,-4.771342,10.625
1621523656342,-1.4786586,-0.42682928,15.27439
1621523656343,1.3567073,2.4542685,16.905489
1621523656372,3.8414636,5.365854,17.240854
1621523656402,7.1189027,9.359756,18.567074
1621523656402,11.234756,13.460366,21.75305
1621523656432,12.164635,16.981709,24.054878
1621523656464,9.542684,17.45427,24.618902
1621523656464,6.5091467,16.341463,24.771341
1621523656492,4.420732,12.301829,25.304878
1621523656524,0.015243903,4.679878,26.905489
1621523656524,-12.77439,-5.4115853,31.79878
1621523656551,-64.14634,-4.390244,62.21037
1621523656582,-132.66768,-41.875,99.14635
1621523656612,-223.47562,-119.02439,152.42378
1621523656612,-387.10367,-189.67989,226.17378
1621523656642,-499.49695,-244.11586,286.29575
1621523656643,-493.6738,-143.10976,353.82623
1621523656672,-263.90244,-125.50305,361.95123
1621523656703,-40.960365,-157.85062,334.39026
1621523656731,-33.460365,-3.628049,227.74391
1621523656733,58.5061,127.02744,65.27439
1621523656762,295.48782,74.58842,-97.54573
1621523656792,208.76524,115.39635,-116.43293
1621523656794,87.72866,110.57927,-94.72561
1621523656823,82.40854,40.10671,-131.12805
1621523656852,108.30793,14.344513,-182.40854
1621523656854,132.33232,35.259148,-208.90245
1621523656883,158.2927,50.50305,-215.0
1621523656912,196.75305,34.939026,-213.00305
1621523656912,231.58537,12.439025,-202.53049
1621523656942,260.47256,-9.817074,-181.60062
1621523656972,275.0,-27.42378,-165.35062
1621523656972,261.7683,-46.09756,-173.21646
1621523657001,220.22867,-44.405487,-203.04878
1621523657032,174.10062,-22.698172,-238.27745
1621523657032,145.96037,-8.67378,-265.57928
1621523657063,108.90244,6.783537,-239.5427
1621523657092,48.35366,34.344513,-131.82927
1621523657092,8.658537,19.542683,-12.042684
1621523657121,-15.594513,-29.17683,52.911587
1621523657152,-46.6311,-55.85366,86.26524
1621523657152,-154.80183,3.6737807,121.84451
1621523657181,-294.84756,217.05794,103.29269
1621523657211,-161.15854,25.060976,137.42378
1621523657212,-16.920732,-253.99391,133.47562
1621523657243,4.664634,119.46647,106.722565
1621523657272,-7.698171,113.21647,12.560976
1621523657273,9.283537,-8.003049,-8.033537
1621523657302,2.8658538,22.606709,4.237805
1621523657331,-2.378049,30.868902,9.268292
1621523657333,-1.2957318,10.0152445,6.432927
1621523657362,-2.8658538,1.1737806,1.8445122
1621523657391,-3.2164636,-0.6859756,3.8262196
1621523657394,-4.283537,0.86890244,5.0
1621523657422,-4.862805,-0.38109756,3.140244
1621523657452,-5.045732,-3.8414636,1.5243902
1621523657454,-4.3445125,-4.131098,3.2164636
1621523657483,-2.9268293,-2.2560976,4.390244
1621523657512,-1.7378049,0.24390244,5.396342
1621523657512,-0.73170733,2.8810976,7.652439
1621523657542,-0.22865854,5.27439,9.375
1621523657572,0.5030488,7.027439,11.051829
1621523657572,0.83841467,8.277439,13.963415
1621523657602,0.33536586,8.582317,16.95122
1621523657632,-0.88414633,8.1402445,19.72561
1621523657632,-2.9420733,7.881098,23.429878
1621523657662,-5.3201222,7.22561,25.50305
1621523657693,-8.292683,4.756098,26.17378
1621523657693,-12.637196,0.22865854,28.841465
1621523657722,-20.97561,-5.381098,32.40854
1621523657752,-38.90244,-9.329268,38.536587
1621523657752,-62.423782,-28.338415,51.143295
1621523657781,-147.54573,-73.62805,85.625
1621523657812,-281.23477,-135.39635,129.8933
1621523657812,-452.02744,-179.29878,183.09451
1621523657843,-499.49695,-171.09756,245.28964
1621523657872,-452.08844,-99.69512,334.9695
1621523657873,-196.84451,-32.45427,342.3933
1621523657902,15.0152445,-10.304878,257.98782
1621523657931,-25.442074,148.96342,202.0122
1621523657933,144.43597,117.40854,119.60366
1621523657962,247.37805,4.64939,24.603659
1621523657991,168.2927,41.082317,-18.399391
1621523657994,144.72562,8.170732,-95.914635
1621523658022,152.40854,-26.905489,-180.36586
1621523658052,153.42989,-27.682928,-228.53659
1621523658054,164.4817,-27.149391,-248.55183
1621523658082,197.16464,-41.57012,-257.0122
1621523658112,236.06708,-51.82927,-253.15549
1621523658112,272.40854,-58.62805,-240.97562
1621523658142,297.75916,-59.02439,-230.65549
1621523658172,294.90854,-47.484756,-237.91159
1621523658172,258.39938,-20.716463,-262.13416
1621523658202,193.24695,-7.362805,-286.32623
1621523658232,135.21342,-32.164635,-261.3872
1621523658232,92.560974,38.59756,-133.2317
1621523658263,63.61281,65.57927,12.667684
1621523658292,2.2713416,-33.810978,80.71647
1621523658292,-158.61281,-42.942074,111.11281
1621523658323,-410.3811,294.03964,86.676834
1621523658352,-288.46036,160.04573,196.02135
1621523658352,66.40244,10.685976,233.27745
1621523658381,-25.960367,142.04268,27.560976
1621523658411,17.804878,-34.588417,7.7591467
1621523658412,15.960366,-4.054878,5.0609756
1621523658443,-1.2652439,22.774391,8.582317
1621523658472,-1.0060976,2.057927,6.0365853
1621523658473,-2.957317,-4.009146,8.414635
1621523658502,-3.9939024,-3.2469513,10.518293
1621523658531,-5.960366,-2.835366,6.890244
1621523658533,-8.003049,-6.9664636,4.5731707
1621523658562,-9.405488,-12.362805,3.2317073
1621523658591,-9.634147,-14.237805,5.533537
1621523658594,-9.45122,-13.292684,7.637195
1621523658622,-9.222561,-11.981708,9.115854
1621523658652,-8.978659,-10.487805,11.448171
1621523658654,-8.689025,-5.8231707,15.6402445
1621523658682,-6.783537,1.2042683,17.774391
1621523658712,-4.1615853,6.585366,18.00305
1621523658712,-3.4756098,9.771341,18.292683
1621523658742,-2.8506098,10.381098,19.740854
1621523658772,-3.6585367,11.158537,21.20427
1621523658772,-12.057927,12.667684,23.871952
1621523658802,-22.942074,7.362805,30.640245
1621523658833,-43.414635,-5.2134147,44.05488
1621523658862,-85.746956,-21.478659,65.97561
1621523658864,-134.58842,-64.20732,83.73476
1621523658893,-231.70732,-135.79268,106.11281
1621523658921,-410.68597,-204.84756,148.41464
1621523658923,-499.49695,-228.67378,227.59146
1621523658952,-496.70734,-241.31097,315.92987
1621523658982,-335.88416,-139.83232,374.57318
1621523658982,9.070122,-159.92378,287.27136
1621523659013,60.198174,15.381098,176.58537
1621523659042,192.0427,84.664635,90.64024
1621523659044,281.70734,47.484756,-8.567074
1621523659072,173.9177,70.10671,-55.32012
1621523659104,140.42683,17.103659,-122.393295
1621523659104,145.35062,-7.1189027,-195.36586
1621523659131,150.30489,4.740854,-240.36586
1621523659162,164.11586,10.213415,-259.95428
1621523659162,195.50305,-9.283537,-263.39938
1621523659192,238.99391,-39.268295,-256.52438
1621523659222,281.98172,-61.20427,-242.1494
1621523659222,305.92987,-63.61281,-234.72562
1621523659254,296.29575,-50.060978,-249.71037
1621523659282,260.28964,-5.0609756,-268.59756
1621523659282,193.27745,82.40854,-262.0427
1621523659312,111.189026,91.40244,-241.84451
1621523659342,57.698174,64.07012,-154.93903
1621523659342,24.070122,53.20122,-29.375
1621523659371,7.987805,-50.640244,61.78354
1621523659401,-121.98171,-34.984756,149.00916
1621523659402,-321.20428,202.85062,162.59146
1621523659431,-74.77134,66.12805,241.25
1621523659461,42.439026,168.47562,150.96037
1621523659463,-24.664635,58.582317,-1.5396342
1621523659492,23.536587,-32.835365,-6.2195125
1621523659521,-0.10670732,22.804878,2.698171
1621523659523,-3.4756098,16.539635,9.588415
1621523659553,-3.7804878,-5.304878,-0.88414633
1621523659581,-4.8170733,-8.7652445,3.4756098
1621523659582,-5.2286587,-6.1737804,4.02439
1621523659611,-6.631098,-6.402439,1.097561
1621523659642,-7.362805,-8.719512,-0.25914633
1621523659644,-7.256098,-10.304878,-0.41158536
1621523659673,-6.554878,-10.472561,0.7469512
1621523659702,-5.8231707,-9.786586,1.2804878
1621523659702,-5.121951,-6.737805,2.378049
1621523659731,-3.9939024,-2.698171,4.375
1621523659762,-2.8658538,2.012195,7.2865853
1621523659762,-1.6158537,7.2865853,11.082317
1621523659790,-0.25914633,11.753049,13.216464
1621523659821,1.0060976,14.375,13.551829
1621523659822,1.3414634,14.771342,14.847561
1621523659854,0.6707317,12.896341,17.57622
1621523659882,-1.0060976,6.3414636,19.771341
1621523659882,-4.7865853,-1.7530488,22.149391
1621523659912,-11.067074,-7.271342,27.240854
1621523659942,-24.131098,-7.3475614,44.405487
1621523659942,-47.423782,-11.859756,70.32012
1621523659972,-103.97866,-32.012196,97.31708
1621523660001,-175.85367,-91.15854,110.25915
1621523660001,-294.1311,-139.32927,139.51219
1621523660031,-457.85062,-203.75,174.05489
1621523660061,-499.49695,-308.9177,229.74086
1621523660063,-435.80792,-224.31403,329.39026
1621523660092,-228.6433,-86.82927,364.0549
1621523660122,-33.810978,-109.1311,249.40549
1621523660123,-48.064026,58.62805,139.58842
1621523660153,168.79573,84.48171,36.234756
1621523660182,266.09756,72.6372,-37.97256
1621523660183,151.85976,101.75305,-30.929878
1621523660213,129.31403,25.243902,-68.96342
1621523660243,143.26219,-9.283537,-141.38719
1621523660243,149.14635,12.14939,-195.65549
1621523660273,161.46342,27.987806,-223.125
1621523660302,194.78659,12.42378,-231.93597
1621523660302,236.03659,-8.841464,-224.16159
1621523660332,272.3933,-33.887196,-200.09146
1621523660361,302.22562,-60.060978,-175.5183
1621523660362,304.55792,-54.344513,-169.96951
1621523660392,261.60062,-32.667683,-200.65549
1621523660422,185.44208,-7.789634,-256.82928
1621523660422,115.18293,-10.228659,-313.73477
1621523660453,65.77744,0.83841467,-277.7134
1621523660482,-1.0213414,99.58842,-58.59756
1621523660482,-21.067074,23.460367,138.53659
1621523660513,-206.06708,123.38415,234.32927
1621523660542,-190.8994,-0.16768293,272.75916
1621523660542,101.66159,-57.118904,172.11891
1621523660570,-10.365854,109.35976,24.695122
1621523660601,13.871951,-8.277439,8.185976
1621523660602,16.554878,8.125,6.60061
1621523660632,-3.6890244,41.768295,16.585365
1621523660661,-1.6615855,14.3902445,9.92378
1621523660663,-3.948171,1.8140244,1.7682927
1621523660692,-3.6890244,0.625,4.72561
1621523660722,-4.375,1.4634147,2.9268293
1621523660723,-5.625,-0.6097561,1.6920732
1621523660752,-7.027439,-4.9237804,-0.85365856
1621523660781,-6.9512196,-6.5701222,-0.6859756
1621523660784,-6.585366,-5.289634,-0.41158536
1621523660812,-6.265244,-2.9420733,-1.4329269
1621523660842,-4.8323174,-0.09146342,0.09146342
1621523660844,-2.5457318,3.4908538,4.4817076
1621523660872,-0.6402439,8.704268,8.719512
1621523660903,0.44207317,13.567074,10.594512
1621523660903,0.73170733,15.381098,11.814025
1621523660931,0.7621951,14.573171,13.323171
1621523660962,1.2957318,11.52439,13.902439
1621523660962,0.5030488,7.3170733,14.634147
1621523660991,-1.7835367,2.5304878,16.75305
1621523661021,-7.0884147,-4.6951222,20.731709
1621523661021,-13.338415,-13.460366,24.695122
1621523661053,-21.40244,-21.493902,31.996952
1621523661083,-64.60366,-21.417683,64.83232
1621523661112,-106.143295,-47.2561,83.597565
1621523661114,-176.37195,-95.335365,95.960365
1621523661141,-283.41464,-158.04878,117.53049
1621523661142,-438.59756,-180.86891,177.07318
1621523661171,-499.49695,-269.05487,255.97562
1621523661202,-492.30185,-198.96342,369.9238
1621523661231,-305.53354,-107.59147,392.27136
1621523661234,-30.823172,-120.94512,295.5945
1621523661263,6.2042685,57.34756,175.41159
1621523661294,215.30489,52.439026,59.496952
1621523661294,260.39636,59.100613,-21.448172
1621523661322,175.07622,71.097565,-62.759148
1621523661354,175.28964,5.2591467,-141.6311
1621523661354,197.24086,-9.618902,-215.44208
1621523661381,208.5061,11.219512,-257.14938
1621523661412,228.33842,4.1615853,-278.14026
1621523661412,258.5061,-12.210366,-282.37805
1621523661441,293.9634,-25.57927,-276.37195
1621523661472,323.0945,-33.734756,-265.73172
1621523661472,321.6311,-24.070122,-264.66464
1621523661502,276.3872,-14.542684,-305.35062
1621523661532,223.79573,-19.771341,-357.57623
1621523661532,174.05489,26.72256,-292.1189
1621523661561,122.08842,109.46647,-54.95427
1621523661590,66.371956,69.58842,128.52135
1621523661591,-35.47256,-81.41769,137.22562
1621523661621,-322.48477,87.560974,134.60367
1621523661652,-253.46037,178.71951,264.63416
1621523661654,94.57317,35.70122,196.17378
1621523661683,-25.259148,82.98781,3.277439
1621523661712,8.277439,-33.82622,-5.0762196
1621523661714,10.365854,-3.0182927,-4.02439
1621523661743,4.908537,14.375,11.25
1621523661771,2.652439,-7.9115853,0.18292683
1621523661774,1.7987806,-16.280489,1.0670732
1621523661802,0.7012195,-10.70122,4.3292685
1621523661831,-0.8231707,-8.079268,3.3536587
1621523661833,-1.8597561,-9.176829,1.3414634
1621523661863,-1.9969512,-10.990854,0.25914633
1621523661892,-1.2042683,-9.314025,1.6920732
1621523661892,-0.85365856,-3.6890244,2.667683
1621523661921,-0.36585367,2.362805,4.0701222
1621523661953,0.10670732,5.0,4.4664636
1621523661953,0.7469512,4.9695125,5.0762196
1621523661981,1.1432927,7.0731707,7.3170733
1621523662012,1.8597561,10.838415,9.695122
1621523662012,2.682927,13.246951,11.387196
1621523662041,2.7896342,13.170732,13.04878
1621523662072,2.3475611,11.768293,15.655488
1621523662072,1.1585366,9.039635,18.55183
1621523662102,-0.6707317,6.585366,20.868902
1621523662132,-1.8140244,5.777439,24.72561
1621523662132,-2.1036587,5.960366,28.07927
1621523662161,-6.8292685,5.030488,31.524391
1621523662191,-17.332317,-1.25,40.594513
1621523662191,-46.15854,-13.7652445,55.32012
1621523662222,-102.65244,-39.95427,68.993904
1621523662252,-177.42378,-72.27134,86.92073
1621523662254,-242.0122,-84.893295,108.93293
1621523662283,-296.4634,-114.16159,110.73171
1621523662312,-364.5122,-104.5122,145.70122
1621523662314,-417.57623,-109.34451,200.41159
1621523662343,-328.52136,-114.46647,257.85062
1621523662371,-204.90854,-58.795734,303.52136
1621523662374,-77.59147,-125.289635,274.9695
1621523662403,-42.134148,-120.243904,222.37805
1621523662432,-20.762196,18.47561,155.22867
1621523662434,148.65854,5.5640244,14.3902445
1621523662463,131.72256,74.375,-69.55793
1621523662492,86.493904,64.77134,-99.16159
1621523662492,90.625,16.158537,-133.46037
1621523662522,115.472565,7.682927,-159.80183
1621523662554,144.0244,28.75,-175.15245
1621523662554,174.66464,29.72561,-184.8933
1621523662582,205.19818,-2.9420733,-185.48781
1621523662612,226.67683,-32.40854,-178.07927
1621523662612,238.00305,-38.39939,-173.88719
1621523662642,249.17683,-29.435976,-174.05489
1621523662672,255.36586,-16.067074,-170.91464
1621523662672,248.44513,-0.04573171,-168.61281
1621523662702,220.0,8.079268,-177.57622
1621523662732,181.43294,4.862805,-194.0244
1621523662732,143.8567,-6.280488,-199.81708
1621523662761,111.326225,-23.978659,-173.52135
1621523662791,83.597565,-20.990854,-99.54269
1621523662791,58.567074,-7.179878,6.5701222
1621523662821,-42.698174,31.814026,108.91769
1621523662851,-233.17073,222.16464,91.79878
1621523662854,-226.03659,188.87195,79.87805
1621523662882,-69.893295,-199.28354,131.90549
1621523662912,39.573174,-56.143295,38.932926
1621523662914,-2.0731707,72.881096,19.893293
1621523662943,24.695122,-0.7012195,12.332317
1621523662971,1.5396342,18.368902,5.807927
1621523662974,-3.4146342,13.612805,1.6158537
1621523663002,-1.1280488,4.557927,-1.1737806
1621523663032,-2.378049,6.5091467,-0.38109756
1621523663034,-2.515244,3.902439,-0.80792683
1621523663063,-1.8445122,2.1341465,1.2195122
1621523663094,-1.25,1.8292683,3.445122
1621523663094,-1.7987806,4.054878,4.72561
1621523663123,-2.4847562,4.4817076,4.359756
1621523663152,-1.8292683,3.9634147,5.167683
1621523663152,-0.86890244,5.1067076,6.890244
1621523663182,0.10670732,7.85061,9.771341
1621523663212,0.9756098,10.121951,12.134147
1621523663212,2.179878,11.204268,13.521341
1621523663242,2.8658538,11.493903,14.237805
1621523663271,3.292683,11.067074,14.664635
1621523663272,3.4908538,9.207317,15.060976
1621523663303,3.5213416,7.1951222,15.685976
1621523663332,3.628049,4.679878,16.539635
1621523663332,3.8719513,0.38109756,17.759148
1621523663361,4.6951222,-4.893293,19.207317
1621523663390,5.396342,-7.8353662,19.085367
1621523663420,3.1859758,-10.655488,18.27744
1621523663421,-3.6737807,-14.695123,19.131098
1621523663451,-26.72256,-12.560976,34.1311
1621523663483,-85.01524,-6.2042685,62.77439
1621523663483,-161.21951,-41.387196,79.46647
1621523663512,-208.2317,-95.27439,112.51524
1621523663545,-281.8445,-126.52439,148.67378
1621523663545,-410.12195,-152.91159,196.75305
1621523663572,-499.49695,-141.82927,271.43292
1621523663602,-440.82318,-117.40854,360.1372
1621523663602,-212.71342,-36.539635,395.1372
1621523663631,-16.219513,8.04878,333.81097
1621523663662,-57.393295,95.076225,215.44208
1621523663662,123.90244,-38.917683,52.042683
1621523663692,207.10367,-53.55183,-82.5
1621523663722,107.14939,46.661587,-111.40244
1621523663722,97.42378,18.140244,-149.74086
1621523663751,147.19513,-31.20427,-208.44513
1621523663781,186.69208,-17.667683,-246.02135
1621523663782,212.71342,3.7804878,-260.33536
1621523663811,241.40245,-9.466464,-261.81403
1621523663842,274.2988,-35.73171,-256.23477
1621523663845,295.1677,-47.713417,-249.2683
1621523663873,291.64636,-39.02439,-246.73781
1621523663902,267.21036,-19.786587,-259.08536
1621523663903,232.05794,-13.414635,-289.45123
1621523663932,197.10367,-35.213417,-281.96646
1621523663961,149.43597,9.573171,-158.0183
1621523663963,104.90854,85.0,35.685978
1621523663992,3.2164636,52.14939,145.71646
1621523664022,-260.7622,78.78049,98.32317
1621523664024,-398.58234,276.2805,25.762196
1621523664052,-151.21951,53.414635,219.1311
1621523664082,31.006098,4.405488,109.618904
1621523664082,-13.185976,69.83232,11.814025
1621523664112,29.359756,-26.75305,3.3384147
1621523664144,1.8902439,21.72256,6.737805
1621523664145,-0.06097561,15.731708,6.783537
1621523664171,2.7743902,-2.0731707,2.332317
1621523664202,-0.86890244,-0.06097561,4.359756
1621523664202,-2.9268293,3.1554878,5.5640244
1621523664232,-3.8414636,3.5365853,4.405488
1621523664262,-3.4908538,-1.5853659,2.7591465
1621523664262,-3.262195,-4.375,1.570122
1621523664292,-3.0487804,-1.8292683,2.7134147
1621523664322,-2.012195,2.4237804,6.0365853
1621523664322,0.04573171,4.5731707,9.496951
1621523664351,1.4634147,5.472561,12.073171
1621523664381,2.3475611,5.97561,14.146341
1621523664382,3.1097562,6.783537,15.457317
1621523664411,4.9237804,6.585366,18.00305
1621523664442,6.0518293,5.990854,19.862804
1621523664445,6.25,6.615854,20.15244
1621523664473,7.3018293,5.777439,21.006098
1621523664502,7.4847565,3.8262196,23.353659
1621523664503,3.003049,0.36585367,24.542683
1621523664532,-9.146341,-5.396342,26.82927
1621523664562,-43.292683,-5.89939,46.707317
1621523664564,-89.46647,-21.09756,72.0122
1621523664591,-142.92683,-69.98476,75.625
1621523664620,-245.45732,-116.12805,89.176834
1621523664623,-350.80792,-141.28049,128.91768
1621523664653,-477.2104,-170.0,176.49391
1621523664683,-499.49695,-181.21951,263.2622
1621523664683,-426.78354,-129.29878,349.0549
1621523664712,-133.125,-94.268295,338.23172
1621523664745,19.84756,-40.167683,271.93597
1621523664745,-17.134148,96.96647,217.5
1621523664771,224.39024,-35.19817,100.03049
1621523664802,245.54878,-28.262196,-7.012195
1621523664802,150.19818,17.896341,-57.865856
1621523664831,132.17989,-26.79878,-122.393295
1621523664862,143.81097,-61.600613,-188.46037
1621523664862,155.1677,-54.268295,-235.04573
1621523664892,183.33842,-48.094513,-261.09756
1621523664922,219.7561,-58.44512,-270.99084
1621523664922,246.98172,-73.79573,-264.63416
1621523664952,254.69513,-70.564026,-248.5061
1621523664981,251.05183,-40.10671,-227.43903
1621523664981,236.64635,1.6615855,-222.1494
1621523665011,210.35062,23.948172,-241.93597
1621523665041,191.20427,8.978659,-258.49084
1621523665044,187.94208,-0.16768293,-228.35367
1621523665072,176.5244,41.341465,-116.84451
1621523665102,142.97256,74.86281,35.82317
1621523665103,30.07622,28.795732,127.45427
1621523665132,-171.875,68.76524,113.125
1621523665161,-350.9604,264.81708,43.689026
1621523665164,-251.25,100.960365,158.97867
1621523665192,40.625,-94.32927,131.12805
1621523665222,-17.240854,88.871956,17.606709
1621523665224,38.917683,-15.518293,18.27744
1621523665253,15.731708,1.2042683,6.3414636
1621523665282,-1.2195122,33.993904,13.7652445
1621523665282,7.4847565,11.067074,9.603659
1621523665311,6.554878,5.182927,9.131098
1621523665345,3.6737807,3.9939024,9.268292
1621523665345,0.36585367,3.3689024,5.7164636
1621523665372,-0.71646345,-0.09146342,4.878049
1621523665403,-1.7073171,-3.7957318,4.237805
1621523665403,-2.6067073,-6.52439,2.5762196
1621523665433,-2.7591465,-8.018292,0.19817074
1621523665462,-2.012195,-8.246951,-0.076219514
1621523665462,-0.8231707,-6.3262196,2.957317
1621523665493,0.15243903,-2.5304878,6.9664636
1621523665522,1.2347561,1.0670732,9.344512
1621523665522,2.3932927,3.0335367,10.457317
1621523665551,3.8262196,4.5731707,12.301829
1621523665581,5.4420733,5.97561,14.618903
1621523665581,7.012195,7.3475614,16.996952
1621523665611,7.9725614,9.329268,19.25305
1621523665642,8.39939,10.685976,22.134148
1621523665645,8.414635,9.466464,25.045732
1621523665672,6.768293,6.158537,26.920732
1621523665702,-2.1189024,3.0335367,31.920732
1621523665732,-32.77439,1.0060976,50.548782
1621523665732,-83.71951,-20.899391,71.20427
1621523665762,-151.84451,-69.314026,92.347565
1621523665791,-242.92683,-96.768295,121.47866
1621523665793,-339.5884,-119.32927,146.6311
1621523665821,-475.50305,-155.06097,183.78049
1621523665852,-499.49695,-187.16464,260.57928
1621523665852,-438.00305,-151.82927,347.45428
1621523665882,-173.47562,-96.21951,356.35672
1621523665912,-9.283537,-63.30793,284.07013
1621523665912,-44.085365,51.798782,197.08842
1621523665943,164.31403,-39.542683,56.539635
1621523665972,212.62196,-15.792684,-56.05183
1621523665972,137.37805,43.65854,-87.51524
1621523666003,130.65549,12.957317,-134.63416
1621523666032,156.29573,-18.917683,-197.0427
1621523666034,175.65549,-11.478659,-239.17683
1621523666063,198.90245,-2.7439024,-258.0945
1621523666092,233.47562,-18.841463,-261.8445
1621523666093,270.48782,-40.792683,-251.73781
1621523666122,292.59146,-45.137196,-232.10367
1621523666152,291.40244,-35.060978,-215.80794
1621523666152,263.55185,-25.030489,-225.1372
1621523666183,222.6372,-11.646341,-265.4116
1621523666212,185.28964,-9.557927,-303.23172
1621523666212,155.83842,5.7012196,-273.75
1621523666243,125.44208,70.746956,-121.66159
1621523666273,85.09147,94.222565,67.6372
1621523666274,-5.396342,-7.4390244,136.66159
1621523666302,-236.20427,73.65854,92.164635
1621523666334,-377.5305,282.02744,79.42073
1621523666334,-134.11586,-65.48781,229.8933
1621523666361,26.905489,-2.5914636,97.51524
1621523666393,-14.72561,75.121956,5.792683
1621523666393,28.780489,-36.966465,-0.44207317
1621523666422,5.3201222,10.762196,4.893293
1621523666452,1.0823171,14.664635,7.9115853
1621523666452,5.045732,-2.515244,4.6189027
1621523666482,2.4390244,-0.39634147,6.783537
1621523666512,1.0518293,2.637195,8.82622
1621523666512,-0.80792683,6.8292685,7.8353662
1621523666542,-1.875,5.960366,7.682927
1621523666572,-2.042683,3.4908538,6.8445125
1621523666572,-1.7073171,2.9268293,7.362805
1621523666603,-1.4939024,4.054878,7.22561
1621523666632,-0.5640244,4.2987804,7.256098
1621523666634,1.0365853,4.679878,8.185976
1621523666662,2.5457318,6.6920733,9.756098
1621523666692,3.4298782,8.82622,11.295732
1621523666693,4.009146,10.213415,12.301829
1621523666722,4.756098,10.396341,12.378049
1621523666751,5.4420733,9.542684,13.079268
1621523666754,6.25,9.344512,15.320123
1621523666783,6.737805,8.963415,17.317074
1621523666812,7.9115853,7.3475614,19.481709
1621523666813,7.987805,3.612805,20.121952
1621523666902,6.158537,-1.6463414,19.649391
1621523666904,2.3018293,-4.222561,22.179878
1621523666904,-6.875,-1.7682927,29.695122
1621523666904,-39.893295,1.1890244,49.60366
1621523666934,-83.29269,-11.112805,78.810974
1621523666934,-117.621956,-55.198174,101.996956
1621523666961,-195.96037,-76.47866,110.85366
1621523666992,-282.45428,-105.15244,135.83842
1621523666992,-374.2988,-119.60366,184.42073
1621523667021,-467.65244,-110.10671,261.15854
1621523667052,-407.1799,-117.85061,332.17987
1621523667052,-219.92378,-97.40854,355.3049
1621523667082,-9.710366,-74.5122,316.15854
1621523667112,-15.716464,14.314025,210.96037
1621523667112,93.96342,-58.85671,58.03354
1621523667142,177.59146,-75.07622,-82.69817
1621523667172,92.77439,6.6920733,-121.17378
1621523667172,70.685974,-20.182928,-152.78964
1621523667202,103.81098,-65.04573,-200.12196
1621523667232,132.2561,-57.591465,-234.29878
1621523667234,153.42989,-38.5061,-253.84148
1621523667263,181.64635,-36.112804,-265.7927
1621523667292,209.0244,-37.271343,-266.7988
1621523667293,228.0183,-27.92683,-250.1677
1621523667322,236.60062,-3.8262196,-222.13416
1621523667352,233.6433,19.17683,-209.80183
1621523667354,218.82622,29.72561,-224.1311
1621523667382,194.00916,7.3323174,-248.90245
1621523667412,169.95427,-38.018295,-252.33232
1621523667412,129.51219,-13.094513,-198.53659
1621523667443,81.17378,47.17988,-76.52439
1621523667472,-44.344513,119.939026,72.05793
1621523667472,-230.74696,153.27744,86.75305
1621523667501,-356.64636,239.43597,59.08537
1621523667534,-166.85976,-80.518295,191.82927
1621523667534,26.783537,-102.27135,104.375
1621523667562,-8.323171,98.826225,34.862804
1621523667592,35.85366,1.8292683,18.07927
1621523667592,13.597561,9.939025,7.77439
1621523667621,1.7987806,29.740854,10.807927
1621523667652,4.2987804,8.307927,1.3719512
1621523667652,4.72561,1.0213414,1.0213414
1621523667682,1.875,3.8719513,3.4298782
1621523667712,0.6097561,6.2195125,5.640244
1621523667712,-1.4634147,7.4390244,7.271342
1621523667742,-2.042683,4.679878,6.783537
1621523667772,-1.3871951,3.6737807,7.057927
1621523667772,-0.73170733,6.112805,7.8353662
1621523667802,0.22865854,7.637195,8.887196
1621523667832,0.8993903,8.521341,9.817074
1621523667834,1.4634147,9.435976,10.27439
1621523667862,1.570122,10.807927,10.762196
1621523667892,1.5243902,11.158537,10.853659
1621523667924,1.7530488,10.457317,10.457317
1621523667924,2.1493902,10.442074,10.945122
1621523667951,2.5914636,10.685976,12.271341
1621523667982,3.0640244,9.984756,13.7652445
1621523667982,3.5518293,8.536586,15.426829
1621523668011,3.75,6.1890244,17.179878
1621523668041,3.0640244,1.4939024,18.04878
1621523668043,1.4634147,-6.4939027,16.768293
1621523668072,-2.7591465,-12.545732,17.195122
1621523668102,-19.085367,-19.085367,28.506098
1621523668102,-73.49085,1.875,73.17073
1621523668131,-118.09451,-22.073172,104.72561
1621523668162,-161.26524,-88.00305,105.65549
1621523668162,-249.66464,-100.21342,121.93598
1621523668193,-336.08234,-110.60976,156.0061
1621523668222,-449.14636,-107.17988,224.40549
1621523668222,-450.6555,-87.72866,304.20734
1621523668253,-325.19818,-43.65854,354.63416
1621523668282,-115.68598,-8.292683,339.11588
1621523668284,-9.466464,26.875,244.20732
1621523668313,-13.003049,46.6311,124.11586
1621523668342,165.96037,-87.69817,-13.033537
1621523668342,129.16159,-16.935976,-83.84147
1621523668372,64.05488,24.95427,-106.12805
1621523668401,75.70122,-18.170732,-156.03659
1621523668404,113.993904,-44.466465,-208.5061
1621523668432,142.36281,-32.19512,-240.48781
1621523668463,172.24086,-27.469513,-259.1616
1621523668463,202.71342,-33.567074,-265.89938
1621523668492,227.13416,-38.70427,-253.68903
1621523668522,243.53659,-28.018293,-223.52135
1621523668523,247.59148,-8.094512,-196.03659
1621523668551,238.125,4.664634,-205.1677
1621523668582,212.17989,17.179878,-243.56708
1621523668582,181.18903,10.182927,-277.75916
1621523668611,159.90854,2.515244,-270.60977
1621523668642,122.347565,54.28354,-163.58232
1621523668642,23.75,110.83842,41.20427
1621523668672,-118.414635,114.02439,140.86891
1621523668702,-293.85672,188.68903,107.86585
1621523668702,-266.9055,96.951225,176.44818
1621523668732,42.332317,-108.04878,117.60671
1621523668762,-7.1036587,76.631096,21.265244
1621523668762,39.832317,-24.344513,19.115854
1621523668792,8.246951,10.365854,9.64939
1621523668822,-1.8597561,32.621952,12.942074
1621523668824,6.432927,5.182927,3.4756098
1621523668853,3.628049,-0.79268295,3.460366
1621523668882,0.65548784,-2.7743902,3.003049
1621523668883,-2.515244,-5.27439,0.92987806
1621523668913,-3.612805,-8.368902,1.5091463
1621523668942,-4.375,-11.478659,0.6097561
1621523668943,-4.8170733,-12.804878,-0.92987806
1621523668973,-4.4512196,-11.676829,-0.99085367
1621523669001,-2.8658538,-8.810976,2.835366
1621523669003,-1.2652439,-3.9786587,7.179878
1621523669033,-0.5945122,0.076219514,8.582317
1621523669062,0.21341464,2.2408538,9.588415
1621523669062,1.4634147,4.8323174,12.317074
1621523669091,2.378049,8.323171,14.64939
1621523669123,3.8719513,10.259147,16.615854
1621523669124,5.8384147,10.182927,18.536585
1621523669151,7.7439027,9.954268,20.487804
1621523669182,8.704268,9.92378,22.286587
1621523669182,7.4847565,11.036586,24.679878
1621523669212,7.1951222,8.917684,28.47561
1621523669242,0.18292683,-3.6432927,31.493904
1621523669243,-52.088417,-9.3902445,48.185978
1621523669272,-94.58842,-40.015244,57.439026
1621523669302,-159.93903,-84.63415,68.018295
1621523669302,-257.78964,-123.125,92.118904
1621523669332,-353.9634,-136.20427,141.43294
1621523669362,-470.82318,-158.90244,184.29878
1621523669362,-499.49695,-195.8994,256.4939
1621523669391,-469.11588,-172.46951,330.57928
1621523669422,-215.09146,-163.03354,332.07318
1621523669424,-4.131098,-163.88719,271.50916
1621523669452,-6.2347565,8.948171,217.17989
1621523669482,196.96646,-8.353659,88.35366
1621523669483,257.21036,39.90854,-21.966463
1621523669514,156.31097,92.40854,-60.0
1621523669542,148.87195,18.780489,-120.7622
1621523669543,180.7927,-12.972561,-182.69818
1621523669573,197.82013,21.95122,-218.23172
1621523669601,222.24086,33.094513,-235.54878
1621523669602,256.55487,11.814025,-241.49391
1621523669631,288.59756,-10.289635,-234.95427
1621523669662,312.92685,-26.17378,-223.99391
1621523669663,320.07623,-26.12805,-219.72562
1621523669693,291.4939,-3.8262196,-236.17378
1621523669722,232.94208,9.253049,-287.2866
1621523669722,181.84451,-37.682926,-345.97562
1621523669751,132.6067,-24.25305,-305.80792
1621523669782,92.80488,75.07622,-116.70732
1621523669782,20.35061,98.75,96.66159
1621523669812,-169.31403,46.707317,146.57013
1621523669842,-338.14026,200.88416,77.22561
1621523669842,-256.37195,32.60671,165.625
1621523669872,17.37805,-195.8994,128.65854
1621523669902,-17.92683,101.85976,25.838415
1621523669902,27.134148,1.0060976,12.957317
1621523669932,15.442074,-0.19817074,2.7896342
1621523669961,2.957317,35.32012,16.783537
1621523669961,8.689025,13.04878,9.435976
1621523669991,6.2042685,8.125,8.368902
1621523670022,3.7957318,8.795732,10.07622
1621523670023,1.3414634,9.45122,9.710366
1621523670052,0.22865854,5.960366,8.689025
1621523670082,-0.13719513,1.2652439,7.378049
1621523670083,-0.35060975,0.83841467,6.8597565
1621523670113,-0.09146342,2.1646342,6.753049
1621523670141,1.0213414,3.277439,8.47561
1621523670172,2.317073,4.771342,11.783537
1621523670172,2.8963416,7.652439,13.658537
1621523670201,3.0945122,9.146341,13.658537
1621523670231,3.3993902,8.231708,13.079268
1621523670233,3.75,6.6920733,12.911586
1621523670262,5.35061,7.408537,16.417683
1621523670292,6.783537,9.786586,22.210367
1621523670292,6.006098,9.009147,25.762196
1621523670321,3.9939024,2.7591465,25.518293
1621523670351,-0.04573171,-8.109756,23.70427
1621523670352,-12.606708,-8.368902,34.557926
1621523670381,-59.40549,0.15243903,66.75305
1621523670411,-117.68293,-26.189026,104.19208
1621523670412,-162.57622,-58.384148,127.5
1621523670443,-259.7561,-86.84451,160.45732
1621523670472,-373.35367,-120.77744,223.41464
1621523670473,-484.74088,-57.34756,320.82318
1621523670502,-438.81097,-7.652439,406.3872
1621523670532,-217.6372,40.746952,424.17685
1621523670534,-34.57317,83.85671,301.69208
1621523670563,-70.625,32.17988,87.347565
1621523670592,99.00915,-123.10976,-118.79574
1621523670594,64.618904,-33.536587,-175.33537
1621523670651,23.125,1.6920732,-166.6311
1621523670653,74.64939,-51.25,-194.32927
1621523670653,135.85367,-67.48476,-226.09756
1621523670681,168.6433,-37.957317,-243.10976
1621523670713,190.60976,-26.905489,-249.87805
1621523670713,210.03049,-36.341465,-251.1433
1621523670741,225.22867,-47.439026,-252.48476
1621523670771,235.42683,-40.07622,-250.53354
1621523670771,238.20122,0.47256097,-240.28964
1621523670800,227.36281,50.89939,-240.3811
1621523670830,197.27135,70.39634,-267.16464
1621523670831,164.03964,4.771342,-305.77744
1621523670862,120.80793,-15.990854,-285.48782
1621523670892,66.40244,63.42988,-147.22562
1621523670892,28.59756,67.91159,31.79878
1621523670922,-110.50305,-8.506098,122.95732
1621523670952,-324.28354,160.77744,64.60366
1621523670953,-325.28964,250.22867,125.65549
1621523670983,-88.42988,-66.585365,222.21037
1621523671012,-10.411586,61.798782,63.62805
1621523671012,2.317073,43.03354,12.591464
1621523671043,23.307928,-24.070122,3.3993902
1621523671072,-1.2652439,30.259148,13.003049
1621523671073,1.6006098,16.935976,10.365854
1621523671103,3.5670733,1.5243902,5.5487804
1621523671132,0.6859756,2.9725611,8.795732
1621523671134,-1.3871951,3.7347562,7.8353662
1621523671162,-3.1554878,2.5,4.4817076
1621523671191,-2.9420733,-2.7896342,2.987805
1621523671194,-2.317073,-2.682927,4.4359756
1621523671222,-1.8292683,0.9756098,5.6859756
1621523671254,-1.0823171,3.902439,6.387195
1621523671254,0.45731708,4.02439,7.393293
1621523671282,1.7987806,4.375,8.75
1621523671312,2.652439,6.3262196,10.838415
1621523671312,3.4146342,7.8201222,12.682927
1621523671341,4.405488,6.905488,13.109756
1621523671372,5.762195,5.8536587,14.435976
1621523671372,7.5762196,6.006098,17.530489
1621523671401,8.612805,6.432927,21.067074
1621523671432,8.780488,5.7317076,24.72561
1621523671433,3.7804878,2.5762196,28.643293
1621523671462,-11.585366,-0.8993903,35.97561
1621523671492,-40.838417,-1.7682927,52.2561
1621523671492,-83.10976,-19.95427,71.69208
1621523671522,-145.47256,-63.125,98.49085
1621523671553,-237.89635,-75.7622,131.57013
1621523671553,-332.78964,-93.09451,142.72867
1621523671582,-472.89636,-127.05793,165.7317
1621523671612,-499.49695,-153.49086,241.72256
1621523671615,-463.55185,-111.90549,332.6372
1621523671643,-214.08537,-87.59147,341.6311
1621523671672,-5.914634,-99.86281,276.18903
1621523671673,-9.984756,40.792683,177.1494
1621523671703,116.69208,-2.515244,46.75305
1621523671732,196.11281,-16.935976,-71.722565
1621523671734,121.0061,36.0061,-101.52439
1621523671763,112.91159,-12.789635,-137.28659
1621523671792,138.47562,-49.542683,-188.61281
1621523671792,156.73781,-31.554878,-227.48476
1621523671822,181.34146,-27.637196,-251.12805
1621523671854,210.36586,-45.411587,-266.11282
1621523671854,229.80183,-54.22256,-267.45428
1621523671882,242.02745,-43.689026,-252.75916
1621523671913,249.58842,-12.301829,-227.37805
1621523671913,248.3994,20.914635,-215.77745
1621523671941,238.84148,37.682926,-234.03964
1621523671972,223.53659,13.932927,-268.14026
1621523671972,202.51524,-16.310976,-272.31708
1621523672001,161.85976,22.804878,-195.74695
1621523672031,125.59451,98.07927,-30.243902
1621523672033,67.51524,100.18293,100.71647
1621523672062,-32.210365,-69.085365,104.039635
1621523672092,-268.75,50.30488,51.28049
1621523672092,-333.5366,240.8994,8.04878
1621523672122,-221.40245,148.07927,220.54878
1621523672152,-16.493902,-98.56708,133.2317
1621523672152,-3.292683,84.847565,36.417683
1621523672182,35.167683,3.3993902,26.981709
1621523672212,20.731709,-8.079268,3.887195
1621523672215,-0.6707317,24.80183,7.9115853
1621523672242,4.10061,7.682927,4.6189027
1621523672272,3.582317,-0.92987806,3.140244
1621523672273,1.1585366,-0.77743906,4.756098
1621523672303,-1.7530488,1.4634147,4.72561
1621523672332,-3.460366,0.73170733,4.4664636
1621523672334,-4.115854,-1.4939024,4.4664636
1621523672363,-4.375,-1.2347561,5.777439
1621523672392,-4.0701222,1.3262196,6.737805
1621523672422,-3.0640244,2.7134147,7.4237804
1621523672422,-1.4634147,2.682927,8.307927
1621523672453,-0.35060975,4.2987804,10.518293
1621523672482,0.79268295,6.295732,11.920732
1621523672482,1.6768293,6.753049,12.378049
1621523672512,1.9207318,7.042683,13.47561
1621523672542,2.6219513,7.8201222,15.914635
1621523672543,3.445122,8.521341,18.07927
1621523672572,3.902439,8.20122,20.50305
1621523672603,3.4756098,6.768293,22.97256
1621523672603,2.7591465,3.6890244,25.762196
1621523672633,-2.317073,0.8231707,30.716465
1621523672662,-10.579268,-3.0487804,35.015244
1621523672663,-40.42683,-5.89939,51.25
1621523672692,-91.12805,-24.070122,71.676834
1621523672722,-150.1067,-62.02744,79.847565
1621523672724,-235.92989,-87.46951,98.414635
1621523672752,-317.34756,-105.3811,121.60061
1621523672782,-453.1555,-133.18597,165.54878
1621523672784,-499.49695,-151.67683,247.71342
1621523672813,-458.14026,-107.54573,342.0427
1621523672843,-230.92989,-59.115856,361.0061
1621523672843,-35.548782,-36.72256,305.36588
1621523672872,-36.646343,52.17988,201.08232
1621523672904,75.60976,6.3414636,55.762196
1621523672904,190.12195,-41.95122,-72.08842
1621523672931,109.92378,32.469513,-93.07927
1621523672962,109.085365,-8.841464,-122.05793
1621523672962,153.0183,-61.875,-174.22256
1621523672991,181.9817,-49.100613,-210.96037
1621523673023,207.89635,-34.939026,-232.0427
1621523673023,227.75916,-49.588417,-238.9177
1621523673053,242.2561,-67.40854,-237.95732
1621523673083,255.41159,-58.094513,-228.97867
1621523673083,263.9634,-30.487806,-215.42683
1621523673112,244.7561,1.3109757,-216.81403
1621523673142,207.17989,35.762196,-240.57927
1621523673142,163.76524,70.426834,-274.4055
1621523673173,137.08842,56.585365,-295.36588
1621523673202,130.25916,34.69512,-263.5061
1621523673202,118.47561,67.72866,-122.33232
1621523673233,21.631098,97.789635,101.06708
1621523673262,-144.92378,134.8933,194.49695
1621523673263,-325.1677,137.97256,193.84146
1621523673292,-106.996956,-114.00915,154.49695
1621523673322,36.20427,29.634148,68.2622
1621523673324,7.042683,33.048782,10.533537
1621523673352,27.728659,-14.115854,4.4664636
1621523673382,-1.6920732,30.365854,9.832317
1621523673384,0.35060975,14.466464,7.4390244
1621523673413,1.570122,0.44207317,3.4146342
1621523673442,0.65548784,-0.88414633,5.335366
1621523673443,0.06097561,-0.92987806,5.045732
1621523673472,-1.2804878,-2.4085367,3.0640244
1621523673503,-1.9359757,-5.289634,2.5762196
1621523673503,-1.9054879,-5.35061,2.5304878
1621523673532,-1.8445122,-3.1859758,2.7591465
1621523673562,-2.195122,-1.6463414,2.3932927
1621523673562,-1.6920732,-0.24390244,3.2317073
1621523673591,-0.65548784,2.2865853,5.914634
1621523673622,0.16768293,5.9451222,8.353659
1621523673622,1.0213414,9.146341,10.137196
1621523673653,1.9512196,10.152439,11.509147
1621523673682,3.0182927,9.771341,12.469513
1621523673682,3.6737807,10.152439,13.1402445
1621523673712,4.1768293,11.463415,14.359756
1621523673742,4.375,11.280488,16.981709
1621523673743,3.8109758,8.841464,20.655489
1621523673773,2.7134147,2.4847562,20.35061
1621523673802,-0.5030488,-6.128049,16.493902
1621523673802,-15.060976,-4.9695125,27.34756
1621523673832,-39.95427,-4.847561,50.03049
1621523673862,-96.79878,-20.564024,86.12805
1621523673863,-155.04573,-56.12805,124.7561
1621523673893,-244.69513,-81.20427,136.18903
1621523673922,-342.97256,-95.82317,147.11891
1621523673924,-437.98782,-139.69513,175.68597
1621523673953,-456.6311,-148.99391,246.47867
1621523673982,-366.6311,-101.31098,310.10672
1621523673984,-121.143295,-84.222565,314.55792
1621523674013,16.60061,-25.77744,255.91464
1621523674042,16.234756,59.90854,175.54878
1621523674042,190.19818,-58.612804,62.240856
1621523674072,167.40854,-6.4939027,-29.603659
1621523674102,89.893295,41.143295,-79.02439
1621523674102,70.65549,17.484756,-141.67683
1621523674131,90.48781,-11.17378,-203.10976
1621523674161,113.414635,-8.780488,-239.48172
1621523674162,139.35976,-6.8445125,-256.4177
1621523674191,170.06097,-9.939025,-261.02136
1621523674222,201.23476,-7.896342,-257.2561
1621523674223,224.83232,-13.993903,-252.11891
1621523674252,233.87196,-25.106709,-248.8872
1621523674282,233.56708,-19.908537,-250.50305
1621523674282,226.78354,-1.2042683,-255.36586
1621523674312,206.79878,-11.295732,-260.04575
1621523674342,169.29878,-43.90244,-240.06097
1621523674342,106.92073,-5.5792685,-163.26219
1621523674371,49.48171,42.942074,-53.262196
1621523674401,-26.814026,-3.7804878,17.103659
1621523674401,-107.98781,-90.10671,35.548782
1621523674432,-257.02744,40.823174,55.716465
1621523674462,-364.86282,230.50305,44.984756
1621523674464,-116.84451,70.07622,286.31097
1621523674493,25.15244,74.32927,141.6311
1621523674522,-33.414635,99.375,17.911585
1621523674524,29.969513,-14.603659,16.463415
1621523674553,2.987805,19.25305,4.634146
1621523674581,-4.02439,19.588415,5.7012196
1621523674584,-1.6615855,2.8963416,3.0640244
1621523674611,-2.5304878,-0.16768293,7.515244
1621523674642,-4.542683,2.7896342,8.1402445
1621523674672,-6.25,2.9420733,4.5884147
1621523674672,-7.256098,-0.5945122,2.7439024
1621523674702,-6.5701222,-4.268293,1.2804878
1621523674702,-5.0762196,-5.792683,1.9207318
1621523674731,-4.268293,-4.131098,2.195122
1621523674760,-3.5060976,-3.0792685,2.317073
1621523674791,-1.8902439,-1.2957318,5.9451222
1621523674792,-0.80792683,1.7835367,9.070122
1621523674822,-0.076219514,2.682927,9.481708
1621523674852,1.0060976,1.6006098,9.862805
1621523674853,1.9969512,1.2804878,11.432927
1621523674882,2.637195,1.6615855,12.881098
1621523674912,3.5060976,1.722561,14.435976
1621523674913,3.9176831,1.5853659,16.783537
1621523674942,3.3536587,-0.5945122,18.82622
1621523674971,1.0518293,-3.8414636,23.353659
1621523674974,-9.481708,-13.277439,35.70122
1621523675002,-53.307926,-24.679878,53.90244
1621523675034,-109.74086,-61.341465,62.97256
1621523675034,-197.10367,-119.86281,76.61585
1621523675063,-296.09756,-161.75305,111.06708
1621523675094,-425.1372,-193.76524,136.64635
1621523675094,-499.49695,-242.2561,180.1067
1621523675121,-484.00916,-199.93903,265.7622
1621523675152,-336.95123,-164.32927,301.93597
1621523675152,-89.496956,-190.82318,270.32013
1621523675182,-21.60061,-60.50305,212.36281
1621523675212,47.82012,83.35366,142.42378
1621523675213,270.5183,16.463415,51.75305
1621523675243,246.73781,81.29573,16.478659
1621523675272,202.7744,79.07012,-32.423782
1621523675272,195.18294,25.487806,-120.121956
1621523675301,193.59756,16.707317,-187.48476
1621523675332,190.80794,31.371952,-225.54878
1621523675332,203.9177,31.448172,-246.31097
1621523675363,229.83232,20.320122,-254.45123
1621523675393,256.23477,3.5518293,-252.6677
1621523675393,281.92075,-15.487805,-245.22867
1621523675423,291.53964,-15.091464,-239.5427
1621523675452,268.06403,16.844513,-247.43903
1621523675453,218.09451,41.905487,-276.7988
1621523675482,181.67683,15.35061,-286.2805
1621523675512,148.93294,47.759148,-193.75
1621523675543,102.28659,66.78354,-33.216465
1621523675543,28.643293,-24.832317,78.871956
1621523675572,-136.7683,-64.00915,115.121956
1621523675574,-337.24088,192.40854,36.60061
1621523675603,-281.2195,117.789635,151.25
1621523675632,-31.158537,-164.34451,204.11586
1621523675632,-27.469513,132.75916,63.61281
1621523675662,4.862805,49.725613,23.353659
1621523675692,27.92683,-12.103659,7.77439
1621523675692,2.4085367,30.365854,11.417684
1621523675722,2.195122,17.85061,9.039635
1621523675751,2.5457318,5.914634,4.72561
1621523675752,1.3719512,4.375,7.362805
1621523675782,-0.41158536,6.432927,8.658537
1621523675812,-2.057927,5.6859756,7.271342
1621523675813,-3.0792685,1.5243902,5.2591467
1621523675842,-3.3841465,-0.09146342,4.72561
1621523675872,-3.5213416,0.6859756,4.10061
1621523675872,-3.323171,1.7835367,3.5518293
1621523675902,-2.4085367,2.4847562,4.253049
1621523675931,-1.4939024,4.3445125,5.960366
1621523675932,-0.77743906,7.22561,7.667683
1621523675961,0.030487806,9.3902445,9.070122
1621523675990,0.91463417,9.557927,9.832317
1621523675991,1.6158537,8.384147,10.213415
1621523676022,2.2713416,8.003049,11.509147
1621523676052,2.820122,8.170732,13.917684
1621523676053,3.9786587,5.8689027,16.814024
1621523676083,3.9786587,1.4329269,18.231709
1621523676112,0.80792683,-4.3292685,18.414635
1621523676112,-5.7317076,-11.8902445,17.789635
1621523676143,-18.20122,-18.185976,23.536587
1621523676172,-52.271343,-19.32927,50.914635
1621523676174,-118.44512,-37.14939,85.01524
1621523676202,-198.65854,-90.25915,98.5061
1621523676234,-297.14938,-130.83842,122.789635
1621523676234,-429.90854,-165.88416,143.67378
1621523676262,-499.49695,-172.83537,202.57622
1621523676294,-486.67685,-139.4817,300.07623
1621523676294,-273.90244,-86.82927,341.96646
1621523676322,-51.82927,-47.423782,309.35977
1621523676352,-50.015244,77.85061,228.82622
1621523676352,42.987804,75.88415,108.201225
1621523676382,229.45122,-26.72256,-23.643293
1621523676412,159.1311,52.30183,-60.548782
1621523676413,135.70122,38.993904,-98.71951
1621523676442,167.11891,-13.597561,-166.72256
1621523676472,186.18903,-16.265244,-215.09146
1621523676472,203.17073,-4.222561,-242.27135
1621523676501,230.97562,-10.792684,-258.0488
1621523676532,261.09756,-22.621952,-259.87805
1621523676532,284.67987,-26.60061,-245.74696
1621523676563,285.36588,-19.29878,-235.59451
1621523676592,261.05185,-12.942074,-253.00305
1621523676592,219.00916,21.143293,-293.7805
1621523676622,181.92073,14.192074,-337.69818
1621523676652,135.5183,14.039635,-295.89938
1621523676653,81.52439,70.914635,-127.24086
1621523676683,51.417683,42.484756,51.310978
1621523676712,-48.673782,-72.31708,137.68294
1621523676713,-267.40854,139.40549,115.80793
1621523676744,-321.93597,237.21037,87.24085
1621523676772,-124.81708,-137.7744,219.69513
1621523676774,25.54878,19.984756,110.30488
1621523676802,-25.274391,99.28354,19.618902
1621523676833,27.85061,-34.405487,3.323171
1621523676833,5.487805,16.768293,5.045732
1621523676862,0.09146342,27.820122,10.289635
1621523676892,1.7530488,8.216464,3.323171
1621523676922,0.83841467,3.2164636,3.75
1621523676922,-0.28963414,3.5670733,5.2591467
1621523676951,-2.057927,4.5884147,4.496951
1621523676981,-3.2012196,2.515244,3.5670733
1621523676982,-3.75,-1.0365853,2.3932927
1621523677012,-4.02439,-2.378049,1.1737806
1621523677042,-3.9176831,-2.3932927,-0.24390244
1621523677043,-2.8506098,-1.2347561,0.94512194
1621523677072,-1.6158537,0.7469512,3.6432927
1621523677102,-0.39634147,4.1615853,6.615854
1621523677104,0.7469512,7.5914636,8.7652445
1621523677132,1.8597561,9.115854,10.213415
1621523677162,3.125,9.283537,11.310976
1621523677164,4.3445125,9.314025,13.506098
1621523677192,5.289634,10.106708,16.036585
1621523677222,6.295732,10.6402445,19.557928
1621523677224,7.3323174,8.20122,23.59756
1621523677252,7.14939,1.2347561,25.106709
1621523677282,2.667683,-6.0518293,24.070122
1621523677282,-6.2347565,-13.704268,24.862806
1621523677312,-29.908537,-16.189024,42.393295
1621523677342,-92.07317,-20.091463,84.28354
1621523677343,-159.10062,-69.222565,111.26524
1621523677372,-263.21646,-77.95732,144.23781
1621523677402,-387.8049,-103.09451,162.54573
1621523677402,-499.49695,-169.93903,196.43294
1621523677433,-499.49695,-174.55794,293.18597
1621523677462,-339.22256,-89.893295,364.19208
1621523677462,-44.84756,-74.92378,321.875
1621523677493,-12.195122,43.567074,215.18294
1621523677522,82.86585,24.588415,85.426834
1621523677522,204.66464,-32.02744,-55.868904
1621523677552,122.118904,46.661587,-95.77744
1621523677582,110.03049,23.689026,-132.13416
1621523677582,148.73476,-20.792683,-189.39024
1621523677612,171.73781,-11.920732,-227.94208
1621523677641,193.6433,0.6402439,-248.81097
1621523677643,228.53659,-10.6402445,-260.7927
1621523677672,261.43292,-24.25305,-260.07623
1621523677702,284.32928,-38.97866,-251.23476
1621523677704,292.72867,-37.835365,-244.95427
1621523677732,272.80487,-5.4115853,-249.19208
1621523677762,223.96342,28.856709,-275.8689
1621523677764,171.57013,-14.161586,-314.87805
1621523677793,106.02135,-32.8811,-272.19513
1621523677824,54.969513,43.185978,-118.71951
1621523677824,29.908537,50.884148,34.67988
1621523677852,-33.246952,-72.301834,96.28049
1621523677884,-193.65854,-14.72561,115.426834
1621523677884,-366.4939,225.625,4.771342
1621523677912,-313.97867,216.84451,130.19818
1621523677943,22.286587,-74.14634,223.36891
1621523677943,-11.204268,130.57927,44.984756
1621523677972,11.844513,-3.140244,7.9268293
1621523678002,17.92683,-12.240854,2.3475611
1621523678033,-3.0792685,26.692074,8.582317
1621523678033,-0.030487806,9.908537,8.094512
1621523678062,-1.7835367,4.908537,8.04878
1621523678064,-3.0335367,3.5365853,12.14939
1621523678093,-4.9390244,3.3993902,8.414635
1621523678122,-5.89939,0.80792683,6.1737804
1621523678122,-5.5640244,-2.8810976,4.1920733
1621523678153,-5.0609756,-3.277439,4.8323174
1621523678183,-4.1463413,-1.4786586,6.143293
1621523678183,-3.2164636,0.86890244,6.3262196
1621523678212,-2.2408538,0.8993903,6.387195
1621523678242,-1.4939024,0.9756098,7.682927
1621523678243,-0.8231707,2.9115853,10.045732
1621523678272,-0.35060975,5.030488,12.195122
1621523678302,1.0823171,6.3414636,14.954268
1621523678304,3.262195,7.4847565,17.957317
1621523678333,5.487805,6.387195,21.20427
1621523678362,6.8292685,1.402439,24.146341
1621523678363,5.289634,-5.8384147,26.371952
1621523678392,-11.814025,-10.228659,35.19817
1621523678422,-58.963417,-7.378049,57.759148
1621523678424,-92.80488,-27.881098,66.189026
1621523678452,-149.11586,-64.35976,72.05793
1621523678481,-241.20427,-102.576225,87.65244
1621523678484,-338.6738,-126.31098,119.52744
1621523678513,-460.09146,-154.2683,162.16464
1621523678542,-499.49695,-182.6677,232.6372
1621523678543,-453.44513,-135.22867,314.86282
1621523678572,-204.81708,-99.314026,335.04575
1621523678602,-17.286585,-106.96647,270.28964
1621523678602,-55.65549,76.02135,216.08232
1621523678632,141.03659,3.307927,108.91769
1621523678662,248.97867,-36.0061,-5.167683
1621523678662,167.8811,24.024391,-51.463417
1621523678692,138.41464,-9.207317,-105.32012
1621523678723,148.29268,-52.10366,-175.18294
1621523678723,159.1311,-45.42683,-231.46342
1621523678753,178.49086,-32.515244,-264.90854
1621523678782,211.11281,-38.948174,-281.69208
1621523678782,243.47562,-48.292683,-279.83234
1621523678812,267.17987,-49.512196,-263.23172
1621523678843,283.42987,-29.192074,-240.33537
1621523678843,286.05185,8.932927,-231.08232
1621523678873,271.37195,59.192074,-245.70122
1621523678902,233.2622,95.60976,-266.6616
1621523678904,193.3994,65.15244,-260.47256
1621523678932,156.34146,72.37805,-165.06097
1621523678962,102.8811,76.143295,-17.759148
1621523678963,23.018293,-18.414635,79.34451
1621523678992,-173.8567,-5.4268293,114.57317
1621523679022,-349.5122,193.49086,70.44208
1621523679024,-223.125,4.8018293,217.5
1621523679052,20.411587,-54.22256,173.04878
1621523679081,-26.371952,146.50916,36.44817
1621523679084,20.457317,-9.969512,7.22561
1621523679113,15.381098,-1.2957318,0.5487805
1621523679143,-2.9268293,30.807928,9.039635
1621523679172,3.323171,6.112805,6.646342
1621523679172,1.9664634,-3.932927,1.6463414
1621523679204,0.6402439,-3.8719513,6.387195
1621523679204,-0.8993903,-1.9969512,5.4573174
1621523679231,-2.195122,-3.8719513,3.6585367
1621523679261,-2.9268293,-6.3109756,2.4085367
1621523679291,-3.0640244,-6.097561,2.820122
1621523679292,-2.2256098,-4.6036587,3.0945122
1621523679322,-1.4329269,-2.7286587,3.1707318
1621523679352,-0.99085367,-1.402439,4.009146
1621523679353,-0.45731708,-0.015243903,5.655488
1621523679383,0.19817074,3.5975611,8.04878
1621523679412,0.8231707,8.277439,10.289635
1621523679412,1.3109757,11.067074,11.676829
1621523679443,2.5762196,10.868903,11.996951
1621523679473,4.0701222,11.280488,13.810976
1621523679473,5.0,11.935976,17.85061
1621523679502,6.2042685,10.152439,21.646341
1621523679532,6.0670733,6.8445125,23.871952
1621523679532,2.4390244,3.140244,25.182928
1621523679561,0.32012194,-2.820122,25.42683
1621523679591,-12.14939,-1.1585366,34.298782
1621523679593,-20.198172,-9.542684,50.015244
1621523679621,-83.91769,-13.628049,73.84147
1621523679650,-144.0244,-52.65244,83.47561
1621523679653,-227.0427,-82.27135,93.018295
1621523679681,-312.72867,-122.33232,94.57317
1621523679712,-416.8445,-146.0061,130.0
1621523679713,-499.49695,-154.66464,205.3811
1621523679742,-460.0,-132.3933,286.37195
1621523679772,-241.79878,-81.189026,329.4055
1621523679772,-83.17073,-39.90854,315.8384
1621523679802,-37.57622,29.72561,222.68294
1621523679832,8.841464,54.40549,101.875
1621523679832,205.83842,-44.07012,-48.018295
1621523679861,160.3811,43.871952,-104.451225
1621523679891,112.98781,54.60366,-117.972565
1621523679892,131.32622,0.4878049,-158.35367
1621523679922,164.07013,-22.667683,-199.10062
1621523679952,185.39635,-10.823171,-221.4177
1621523679953,206.92073,-14.192074,-230.19818
1621523679982,231.89024,-33.780487,-232.59148
1621523680012,251.85976,-43.246952,-231.11281
1621523680013,257.14938,-26.966463,-224.86281
1621523680042,252.74391,8.7652445,-222.53049
1621523680072,229.60367,50.50305,-238.30794
1621523680074,193.82622,61.859756,-277.10367
1621523680103,164.4817,3.582317,-311.05185
1621523680134,125.44208,-0.42682928,-252.16464
1621523680134,97.98781,65.71646,-71.44817
1621523680162,47.759148,54.893295,100.09147
1621523680192,-113.73476,3.8567073,141.90549
1621523680192,-295.12195,186.47867,61.95122
1621523680221,-267.80487,119.46647,135.80792
1621523680251,-6.112805,-138.04878,202.83537
1621523680252,-14.634147,133.42989,59.893295
1621523680282,8.993902,41.72256,22.240854
1621523680312,27.743902,-18.170732,6.3262196
1621523680314,2.362805,25.960367,8.917684
1621523680343,2.4390244,13.704268,6.8140244
1621523680372,2.8810976,-2.4847562,-0.030487806
1621523680372,1.2347561,-4.72561,2.9725611
1621523680402,-0.83841467,-1.5548781,3.7804878
1621523680432,-2.7896342,-1.7682927,2.9420733
1621523680432,-4.3140244,-4.4512196,2.2560976
1621523680462,-5.015244,-5.015244,1.6920732
1621523680492,-4.7865853,-4.3140244,1.4939024
1621523680492,-4.1463413,-2.3475611,1.6310976
1621523680522,-3.2012196,-0.04573171,3.0182927
1621523680552,-2.012195,1.9359757,4.984756
1621523680553,-0.7469512,4.740854,7.5
1621523680582,0.80792683,7.4847565,9.72561
1621523680612,2.2560976,8.734756,10.884147
1621523680613,3.3384147,8.917684,11.463415
1621523680642,4.3445125,9.207317,13.155488
1621523680672,5.533537,9.817074,15.396342
1621523680674,6.7073174,8.993902,17.012196
1621523680702,7.164634,4.9695125,18.414635
1621523680732,5.762195,-1.4634147,18.689024
1621523680732,3.125,-8.643292,15.121951
1621523680762,-1.4634147,-16.661585,13.856708
1621523680794,-11.52439,-23.689026,22.164635
1621523680794,-49.100613,-25.960367,49.832317
1621523680822,-122.82012,-43.460365,89.19208
1621523680852,-210.0,-92.22561,116.44817
1621523680852,-324.83234,-162.63719,125.22866
1621523680883,-459.61893,-205.12196,141.46342
1621523680912,-499.49695,-213.33842,206.9817
1621523680913,-474.35977,-171.96646,290.91464
1621523680943,-248.36891,-123.33842,318.7195
1621523680972,-46.20427,-99.92378,283.7805
1621523680972,-40.10671,40.198174,214.00916
1621523681002,82.86585,62.713417,106.29573
1621523681032,269.5122,17.835367,-22.804878
1621523681032,211.7683,98.5061,-60.716465
1621523681061,169.78659,65.18293,-86.02135
1621523681090,177.19513,-1.6768293,-140.71646
1621523681094,188.84146,-10.091464,-190.77745
1621523681123,195.1067,10.929878,-220.73172
1621523681152,215.12196,6.8597565,-236.03659
1621523681154,248.21648,-12.317074,-241.46342
1621523681182,272.5,-20.35061,-238.49086
1621523681212,272.78964,-24.634148,-237.34756
1621523681213,241.49391,-23.55183,-252.45427
1621523681242,198.58232,-11.128049,-290.18292
1621523681271,168.62805,-23.75,-337.78964
1621523681274,128.0183,-20.884148,-313.84146
1621523681302,88.689026,69.085365,-150.16768
1621523681334,71.32622,116.43293,51.6311
1621523681334,-94.05488,-13.841464,132.68292
1621523681362,-305.44208,101.02135,61.72256
1621523681392,-362.9116,237.30183,-41.996952
1621523681392,-214.39024,7.4390244,147.04268
1621523681421,41.814026,-120.45732,153.0183
1621523681451,-22.073172,123.90244,26.280489
1621523681481,27.057928,4.6036587,21.356709
1621523681482,10.518293,1.1432927,5.762195
1621523681512,-4.557927,33.810978,12.5
1621523681542,4.1768293,16.509148,7.9268293
1621523681543,4.8170733,7.4847565,6.875
1621523681571,1.7530488,5.8384147,9.10061
1621523681601,-0.99085367,6.128049,8.643292
1621523681605,-2.7134147,5.7012196,9.268292
1621523681633,-4.009146,3.9176831,8.82622
1621523681662,-4.3140244,1.6310976,7.5914636
1621523681663,-4.237805,1.417683,5.929878
1621523681692,-3.4298782,2.317073,5.89939
1621523681722,-2.2865853,3.3536587,7.7591467
1621523681722,-0.92987806,4.862805,10.487805
1621523681750,0.5945122,6.417683,13.384147
1621523681782,1.8292683,7.256098,15.426829
1621523681782,3.0487804,5.914634,16.417683
1621523681811,5.2134147,4.2987804,18.27744
1621523681841,7.393293,4.710366,21.417683
1621523681842,6.8597565,5.27439,25.15244
1621523681871,1.1585366,3.6737807,29.496952
1621523681902,-6.615854,-0.8231707,32.987804
1621523681903,-19.420732,-8.780488,39.146343
1621523681932,-60.487804,-15.030488,57.469513
1621523681962,-110.57927,-40.457317,76.73781
1621523681962,-203.6433,-81.28049,93.689026
1621523681992,-334.95428,-112.439026,128.10976
1621523682021,-458.99393,-148.76524,167.86586
1621523682022,-499.49695,-173.41464,251.47867
1621523682051,-456.43292,-138.96342,334.8933
1621523682081,-194.5427,-87.85061,341.09756
1621523682082,25.853659,-44.710365,248.27745
1621523682112,-29.359756,115.746956,172.46951
1621523682141,167.1494,7.057927,63.338417
1621523682142,176.92073,2.5304878,-28.780489
1621523682171,103.96342,37.393295,-73.15549
1621523682200,103.32317,-0.5792683,-138.58232
1621523682203,120.518295,-28.567074,-197.53049
1621523682232,136.17378,-22.911587,-231.875
1621523682262,171.4177,-28.429878,-253.41464
1621523682264,210.67073,-36.78354,-263.59756
1621523682292,239.28354,-39.64939,-260.07623
1621523682322,256.44818,-43.795734,-249.5427
1621523682322,264.98477,-35.182926,-236.95122
1621523682353,264.8933,3.7804878,-226.79878
1621523682382,240.50305,51.90549,-235.64024
1621523682382,199.5427,57.240856,-264.08536
1621523682412,158.88719,2.7591465,-280.12195
1621523682442,112.27135,13.033537,-204.52745
1621523682443,54.375,56.189026,-35.27439
1621523682472,-29.893293,34.359756,102.59147
1621523682502,-164.19208,53.62805,129.8933
1621523682503,-316.1433,202.86586,109.893295
1621523682533,-195.04573,23.338415,201.55489
1621523682562,36.646343,-43.44512,116.21951
1621523682562,-9.512196,92.13415,26.493902
1621523682592,23.567074,-21.67683,11.371951
1621523682622,2.515244,18.780489,7.804878
1621523682622,0.6402439,21.585367,11.768293
1621523682652,0.9603659,-1.7987806,3.5975611
1621523682682,-2.210366,-6.2042685,4.496951
1621523682682,-4.420732,-5.792683,4.131098
1621523682713,-5.990854,-5.4420733,1.5396342
1621523682742,-6.9359756,-8.307927,-0.25914633
1621523682744,-6.920732,-11.295732,-0.99085367
1621523682772,-6.3109756,-10.762196,-0.38109756
1621523682802,-5.792683,-7.9725614,-0.33536586
1621523682804,-4.664634,-5.365854,0.38109756
1621523682832,-3.003049,-2.0884147,4.847561
1621523682862,-1.5853659,3.9176831,9.862805
1621523682864,-0.6707317,7.012195,10.868903
1621523682892,0.28963414,8.39939,11.356708
1621523682924,1.1128049,9.435976,13.536586
1621523682924,2.820122,9.420732,16.17378
1621523682953,4.878049,8.978659,17.34756
1621523682984,6.9512196,8.429878,19.679878
1621523682984,7.393293,6.4481707,25.70122
1621523683012,3.8567073,5.5640244,36.036587
1621523683042,-10.746951,9.222561,52.17988
1621523683042,-37.72866,-3.0945122,66.23476
1621523683072,-88.56708,-38.871952,77.972565
1621523683102,-164.08537,-100.36585,93.61281
1621523683102,-321.6311,-147.10367,135.19818
1621523683132,-479.52744,-176.84451,179.5427
1621523683162,-499.49695,-241.1433,238.23172
1621523683162,-473.03354,-207.54573,329.1311
1621523683192,-217.6677,-147.75916,342.57623
1621523683221,5.5487804,-128.47562,253.6433
1621523683222,29.390245,65.19817,151.84451
1621523683251,214.45122,65.19817,46.234756
1621523683281,233.0183,89.87805,-30.609756
1621523683282,149.32927,87.347565,-64.16159
1621523683311,137.92683,22.957317,-128.52135
1621523683341,147.45427,6.631098,-193.30794
1621523683343,152.89635,30.594513,-232.17989
1621523683372,177.16464,30.213415,-250.71648
1621523683402,219.71037,9.29878,-251.50916
1621523683404,267.7134,-11.570122,-238.78049
1621523683432,302.2561,-33.59756,-223.87196
1621523683462,296.70734,-44.039635,-222.94208
1621523683464,242.53049,-25.457317,-238.14024
1621523683492,158.2317,27.179878,-258.0488
1621523683524,91.90549,85.09147,-272.2561
1621523683524,79.32927,98.03354,-248.84148
1621523683552,66.143295,101.996956,-150.86891
1621523683584,35.990856,24.085367,-9.192074
1621523683584,-74.801834,-35.30488,115.77744
1621523683611,-211.20427,156.69208,157.40854
1621523683642,-255.60976,221.46342,117.301834
1621523683672,-118.67378,-145.8994,142.68294
1621523683672,18.506098,-111.143295,87.45427
1621523683702,-20.47256,115.85366,29.314026
1621523683702,25.823172,7.77439,20.929878
1621523683733,19.192074,0.15243903,5.045732
1621523683762,-2.4542685,35.15244,12.698171
1621523683792,2.317073,16.82927,9.664635
1621523683794,2.667683,9.420732,6.2195125
1621523683822,2.1646342,5.914634,7.1341467
1621523683852,0.9756098,1.097561,2.6219513
1621523683853,-0.8231707,0.42682928,1.1128049
1621523683883,-1.3262196,-0.015243903,2.8506098
1621523683912,-1.8597561,0.09146342,3.9786587
1621523683914,-2.042683,-0.5640244,2.804878
1621523683944,-2.057927,-1.9817073,0.5030488
1621523683974,-0.94512194,-2.667683,0.7621951
1621523683974,0.16768293,-0.12195122,4.115854
1621523684002,1.4329269,3.7957318,8.582317
1621523684032,2.8810976,6.1890244,11.143293
1621523684032,4.1463413,7.0884147,12.637196
1621523684061,5.807927,8.003049,15.030488
1621523684092,6.4786587,8.246951,16.20427
1621523684093,6.417683,8.003049,17.057928
1621523684122,6.646342,8.902439,20.243902
1621523684152,7.256098,8.018292,23.689026
1621523684152,6.2195125,5.655488,25.198172
1621523684182,-0.15243903,4.756098,25.320122
1621523684212,-11.631098,3.5365853,28.185976
1621523684212,-34.771343,5.914634,46.432926
1621523684241,-80.03049,-6.8140244,73.03354
1621523684271,-153.09451,-46.692074,108.414635
1621523684272,-216.92073,-87.6372,137.57622
1621523684301,-344.77136,-113.17073,165.7927
1621523684331,-484.07013,-120.121956,223.49086
1621523684334,-499.49695,-112.789635,311.92075
1621523684392,-330.19818,-60.289635,370.1677
1621523684422,-62.911587,-13.932927,330.36588
1621523684425,2.515244,52.088417,196.23476
1621523684425,37.682926,34.618904,70.94512
1621523684452,174.57318,-68.460365,-62.5
1621523684453,90.472565,19.893293,-103.96342
1621523684482,42.698174,17.92683,-128.27744
1621523684513,57.05793,-24.25305,-172.02745
1621523684513,87.24085,-39.48171,-206.70732
1621523684543,115.35061,-29.603659,-226.49391
1621523684573,145.42683,-23.841463,-235.71648
1621523684573,173.6433,-26.067074,-238.46037
1621523684602,193.8872,-28.993902,-235.30489
1621523684631,208.18597,-28.460367,-229.71037
1621523684631,222.51524,-23.719513,-224.48172
1621523684660,225.7927,-3.7957318,-224.81708
1621523684691,206.18903,4.405488,-241.75305
1621523684693,172.80489,2.7439024,-258.27744
1621523684723,140.32013,-6.6768293,-246.11281
1621523684752,98.826225,25.411587,-176.78354
1621523684752,64.20732,48.23171,-76.814026
1621523684782,30.884148,7.6219516,6.7225614
1621523684812,-25.914635,-78.064026,40.94512
1621523684812,-152.62195,-26.783537,67.19512
1621523684842,-318.47562,191.7683,17.942074
1621523684872,-311.81403,176.6311,12.256098
1621523684872,-142.65244,-29.618902,180.5183
1621523684902,43.55183,27.210367,114.11586
1621523684932,-23.75,133.27744,40.457317
1621523684933,24.25305,10.945122,20.609756
1621523684964,10.518293,16.60061,9.176829
1621523684992,-5.807927,27.911587,9.557927
1621523684993,0.15243903,9.847561,6.432927
1621523685021,-2.0731707,9.908537,7.804878
1621523685051,-4.02439,10.243902,12.560976
1621523685052,-4.5884147,10.670732,10.945122
1621523685081,-5.0762196,8.246951,9.512196
1621523685112,-5.8536587,4.359756,7.667683
1621523685113,-6.158537,3.1554878,7.9115853
1621523685141,-5.8689027,3.887195,9.009147
1621523685172,-4.9237804,5.030488,9.786586
1621523685172,-3.5060976,5.655488,10.335366
1621523685201,-2.2865853,6.905488,11.143293
1621523685231,-1.097561,8.780488,12.42378
1621523685261,0.30487806,10.07622,14.207317
1621523685262,2.195122,9.588415,15.945123
1621523685290,4.908537,8.47561,19.192074
1621523685292,7.2103662,7.7591467,23.109756
1621523685322,6.9969516,5.2286587,24.420732
1621523685351,5.0762196,2.0731707,27.149391
1621523685352,0.44207317,1.2042683,30.091465
1621523685381,-12.439025,-5.182927,39.28354
1621523685411,-65.99085,-7.530488,66.631096
1621523685412,-118.97866,-40.609756,85.09147
1621523685441,-207.62196,-82.86585,103.04878
1621523685470,-321.0366,-115.15244,130.13719
1621523685471,-412.94208,-124.375,151.12805
1621523685501,-499.49695,-146.67683,210.24391
1621523685530,-499.49695,-151.34146,278.0183
1621523685532,-292.77438,-134.67989,309.375
1621523685560,-43.42988,-92.46951,299.7866
1621523685590,2.637195,-10.472561,190.82318
1621523685593,65.54878,53.323174,59.969513
1621523685621,229.98476,-9.908537,-58.23171
1621523685651,140.1067,38.75,-81.35671
1621523685651,118.27744,-19.496952,-116.371956
1621523685681,148.61281,-61.875,-184.40549
1621523685713,164.84756,-36.707317,-231.46342
1621523685713,183.58232,-16.20427,-256.52438
1621523685741,211.64635,-18.460367,-269.31403
1621523685771,240.53354,-20.320122,-268.2622
1621523685771,260.85367,-15.716464,-257.33234
1621523685801,272.4695,-11.219512,-248.78049
1621523685830,277.24088,8.109756,-245.18294
1621523685832,268.5366,39.405487,-253.73476
1621523685861,247.51524,27.865854,-277.36282
1621523685890,224.43597,9.92378,-245.92989
1621523685892,177.31708,69.618904,-86.996956
1621523685921,105.99085,83.82622,93.09451
1621523685951,-22.759148,-43.109756,133.73476
1621523685981,-277.83536,93.97866,91.11281
1621523685983,-305.64026,174.83232,165.94513
1621523686011,6.112805,62.942074,252.37805
1621523686041,-22.103659,150.82318,80.48781
1621523686042,-3.5975611,40.518295,15.243903
1621523686071,23.719513,-15.0152445,7.7286587
1621523686101,-2.195122,28.567074,5.487805
1621523686102,-0.5335366,16.17378,7.77439
1621523686130,0.6402439,0.83841467,2.4237804
1621523686162,-1.2195122,0.12195122,6.3262196
1621523686162,-2.378049,3.2469513,8.109756
1621523686191,-3.0640244,3.6737807,6.4634147
1621523686220,-3.3841465,0.91463417,5.4573174
1621523686221,-3.5213416,-1.1432927,4.1920733
1621523686251,-3.5518293,-1.6310976,4.3445125
1621523686280,-3.0335367,-1.8140244,4.237805
1621523686281,-2.317073,-1.8445122,4.085366
1621523686312,-1.402439,-2.362805,3.612805
1621523686341,-0.32012194,-1.25,4.756098
1621523686342,0.79268295,1.7987806,6.890244
1621523686371,1.5853659,5.503049,7.987805
1621523686401,2.4542685,7.545732,9.02439
1621523686402,3.1554878,8.902439,11.021341
1621523686430,3.3384147,9.984756,11.875
1621523686460,3.8414636,9.085366,12.743903
1621523686462,2.5914636,6.387195,13.948171
1621523686491,0.71646345,2.667683,14.557927
1621523686520,-1.5396342,-2.5609756,13.948171
1621523686522,-4.4512196,-8.887196,16.082317
1621523686550,-13.277439,-13.39939,26.67683
1621523686581,-35.685978,-21.310976,44.146343
1621523686583,-91.310974,-41.341465,64.176834
1621523686611,-162.07318,-89.42073,85.82317
1621523686641,-238.58232,-121.43293,112.27135
1621523686642,-336.50916,-150.06097,133.27744
1621523686671,-442.02744,-171.9817,169.69513
1621523686701,-496.69208,-172.89635,240.77745
1621523686703,-345.82318,-124.32927,306.67685
1621523686731,-119.939026,-67.439026,331.09756
1621523686762,-27.37805,-29.131098,283.38416
1621523686762,-32.362804,47.317074,177.7744
1621523686791,97.95732,-5.289634,25.990854
1621523686820,186.43294,-31.615854,-95.89939
1621523686821,109.268295,38.719513,-114.83232
1621523686851,105.121956,-6.2042685,-140.22867
1621523686881,147.33232,-56.173782,-186.43294
1621523686882,176.9817,-42.423782,-215.19818
1621523686912,201.93597,-29.17683,-226.99696
1621523686941,231.50916,-43.064026,-229.42073
1621523686942,251.21951,-55.640244,-227.33232
1621523686971,256.96646,-42.02744,-219.66464
1621523687002,248.10976,-0.35060975,-208.9177
1621523687002,217.68294,49.314026,-215.0
1621523687031,171.6311,68.56708,-246.26524
1621523687062,132.01219,29.29878,-270.1372
1621523687062,103.39939,-3.8414636,-225.73172
1621523687091,61.82927,13.75,-63.292683
1621523687121,-37.85061,47.957317,122.5
1621523687122,-149.20732,91.85976,126.60062
1621523687150,-252.53049,191.26524,53.75
1621523687180,-76.46342,66.40244,168.15549
1621523687183,38.27744,45.015244,119.29878
1621523687211,-23.55183,76.85976,17.469513
1621523687241,45.70122,-19.512196,25.0
1621523687242,13.82622,16.72256,13.7652445
1621523687270,-1.4329269,34.268295,13.780488
1621523687302,6.4634147,10.320122,8.353659
1621523687302,4.4664636,3.0640244,5.030488
1621523687332,1.5548781,2.042683,6.905488
1621523687364,-0.13719513,1.7073171,5.472561
1621523687364,-1.5091463,0.6097561,3.8719513
1621523687392,-2.179878,-1.7073171,3.2317073
1621523687422,-2.7286587,-3.0945122,2.5457318
1621523687422,-2.378049,-3.612805,2.2560976
1621523687452,-1.8902439,-3.3689024,1.9969512
1621523687482,-1.1280488,-2.820122,1.7682927
1621523687482,-0.39634147,-1.3567073,2.1341465
1621523687512,0.30487806,0.42682928,2.4847562
1621523687542,0.8231707,1.8902439,3.3384147
1621523687543,1.6615855,2.637195,4.390244
1621523687572,2.3475611,2.332317,5.2439027
1621523687602,3.0182927,2.2408538,5.7469516
1621523687602,3.8719513,3.2164636,5.990854
1621523687631,4.5884147,4.4664636,6.006098
1621523687661,4.847561,4.2987804,6.3719516
1621523687662,5.0609756,3.3536587,7.0884147
1621523687691,4.9695125,2.362805,7.7439027
1621523687722,4.2987804,1.3871951,9.085366
1621523687722,3.2317073,-1.4939024,10.396341
1621523687752,1.0213414,-7.5609756,12.530488
1621523687781,-0.15243903,-5.396342,15.487805
1621523687782,1.417683,-2.515244,11.341464
1621523687813,1.6006098,-11.570122,12.012196
1621523687843,-12.240854,-20.35061,29.375
1621523687843,-55.060978,-14.786586,62.515244
1621523687873,-89.496956,-34.375,70.44208
1621523687904,-117.439026,-62.2561,58.82622
1621523687904,-141.44818,-80.01524,49.771343
1621523687932,-154.74086,-88.246956,44.557926
1621523687964,-156.0061,-91.40244,41.40244
1621523687964,-163.82622,-88.78049,49.28354
1621523687992,-171.0061,-82.6372,61.90549
1621523688022,-173.62805,-72.45427,73.84147
1621523688022,-153.03354,-69.10061,87.37805
1621523688051,-91.326225,-62.98781,96.44817
1621523688082,-25.868902,-65.83842,97.347565
1621523688083,51.021343,-115.21342,95.88415
1621523688112,159.67989,-198.73476,102.22561
1621523688143,311.26526,-246.32622,119.1311
1621523688172,357.0122,-106.20427,169.19208
1621523688173,376.89026,-111.951225,188.62805
1621523688202,366.67685,-120.59451,146.11281
1621523688202,279.43597,-68.07927,107.301834
1621523688231,224.03964,-111.08232,49.52744
1621523688260,189.74086,-124.268295,-2.5457318
1621523688291,181.0061,-118.8872,-21.158537
1621523688294,191.20427,-113.2622,-5.960366
1621523688322,208.71951,-112.14939,30.807928
1621523688353,210.07622,-106.47866,64.847565
1621523688353,188.15549,-107.926834,82.40854
1621523688382,214.98476,-63.00305,67.0122
1621523688412,284.48172,80.71647,60.060978
1621523688412,127.85062,124.42074,-38.55183
1621523688441,95.85366,89.46647,-79.222565
1621523688471,-32.97256,58.048782,-17.804878
1621523688473,32.77439,-11.829268,29.95427
1621523688504,22.042683,1.6768293,9.02439
1621523688532,-6.4481707,24.512196,-6.1737804
1621523688532,-3.0945122,16.79878,0.6097561
1621523688563,0.19817074,-1.0213414,-3.140244
1621523688592,-2.8658538,-6.2195125,-7.530488
1621523688592,-4.3445125,-3.7042685,-5.030488
1621523688621,-3.5213416,-3.4756098,-3.1554878
1621523688651,-3.277439,-3.7042685,-2.9725611
1621523688652,-3.0792685,-2.515244,-2.5609756
1621523688681,-2.195122,-0.83841467,-0.99085367
1621523688711,-2.057927,0.076219514,-0.18292683
1621523688713,-1.9817073,0.38109756,0.04573171
1621523688742,-2.1646342,0.35060975,-0.41158536
1621523688772,-2.1646342,-1.1128049,-1.1585366
1621523688774,-1.875,-2.5609756,-1.3567073
1621523688802,-1.0670732,-3.3384147,-1.875
1621523688832,-0.4878049,-3.445122,-2.042683
1621523688834,-0.16768293,-3.3841465,-1.2347561
1621523688862,0.5030488,-3.307927,0.33536586
1621523688891,0.88414633,-2.8963416,1.8902439
1621523688893,2.3932927,-2.7134147,3.6737807
1621523688923,4.1463413,-1.9512196,5.35061
1621523688953,6.295732,-0.77743906,7.2865853
1621523688953,8.094512,2.1189024,10.579268
1621523688982,9.161586,2.2408538,12.621951
1621523689012,15.884147,-7.3323174,15.625
1621523689012,15.929878,-11.554878,18.384148
1621523689072,7.240854,-14.573171,15.411586
1621523689076,-4.390244,-16.707317,17.408537
1621523689076,-20.045732,-22.698172,31.631098
1621523689102,-38.338417,-26.463415,63.46037
1621523689132,-68.62805,-25.792683,93.125
1621523689132,-144.81708,-33.17073,101.0061
1621523689162,-183.68903,-90.64024,75.16769
1621523689192,-209.0244,-134.54268,62.72866
1621523689192,-185.86891,-190.12195,68.810974
1621523689221,-107.14939,-262.68292,78.49085
1621523689250,29.710367,-310.4116,94.039635
1621523689251,192.48476,-314.90854,109.58842
1621523689280,260.1372,-196.78354,125.076225
1621523689312,301.31097,-55.487804,149.23781
1621523689314,347.0427,-47.012196,117.835365
1621523689343,322.33234,-29.405489,71.47866
1621523689372,285.32013,-23.567074,22.804878
1621523689374,254.60367,-27.179878,-26.036587
1621523689403,227.43903,-14.92378,-60.27439
1621523689432,214.67989,-4.253049,-76.90549
1621523689433,213.61281,0.88414633,-78.90244
1621523689462,210.28964,-5.777439,-70.97561
1621523689492,199.49695,-19.573172,-57.2561
1621523689494,181.47867,-22.835367,-33.155487
1621523689522,160.50305,-10.487805,14.893293
1621523689554,135.56403,16.646341,75.289635
1621523689554,96.875,20.594513,110.53354
1621523689582,-22.957317,27.012196,121.41769
1621523689612,-138.75,111.12805,116.0061
1621523689612,41.265244,-171.875,122.210365
1621523689641,-52.77439,190.22867,32.469513
1621523689671,-34.1311,49.618904,-4.557927
1621523689672,39.893295,-18.70427,24.131098
1621523689702,1.4939024,40.594513,13.04878
1621523689732,-0.030487806,29.390245,10.213415
1621523689732,4.756098,-2.1036587,0.24390244
1621523689762,-0.92987806,-5.4420733,-6.60061
1621523689792,-4.4817076,-5.1981707,-7.6067076
1621523689792,-4.9237804,-10.457317,-11.554878
1621523689822,-4.8018293,-14.862805,-12.286586
1621523689852,-3.7347562,-11.966464,-7.393293
1621523689852,-3.003049,-8.82622,-4.771342
1621523689882,-3.0182927,-8.1402445,-4.3292685
1621523689912,-3.1707318,-9.664635,-4.878049
1621523689914,-2.179878,-8.292683,-2.1189024
1621523689943,-0.9603659,-5.030488,0.99085367
1621523689972,-0.41158536,-2.2560976,1.6310976
1621523689974,0.09146342,-0.15243903,2.804878
1621523690003,0.7012195,0.99085367,4.6036587
1621523690031,0.65548784,0.91463417,4.634146
1621523690034,0.73170733,-0.10670732,4.3140244
1621523690063,1.097561,-0.18292683,5.518293
1621523690094,1.1128049,0.39634147,6.8292685
1621523690094,0.7621951,0.27439025,6.8597565
1621523690123,1.3414634,-1.3567073,6.920732
1621523690154,2.9420733,-2.7896342,8.719512
1621523690154,4.771342,-1.5396342,11.814025
1621523690182,7.027439,2.2560976,15.6707325
1621523690212,9.146341,6.2347565,19.054878
1621523690212,7.682927,8.719512,18.216463
1621523690241,5.4420733,5.8536587,14.115854
1621523690273,4.390244,0.9756098,11.32622
1621523690273,4.3140244,-3.307927,10.0152445
1621523690302,4.283537,-8.856708,9.939025
1621523690332,2.2713416,-15.289635,10.853659
1621523690332,-0.5945122,-18.246952,14.588415
1621523690362,6.6920733,-20.990854,26.996952
1621523690392,-21.006098,-49.28354,44.146343
1621523690393,-123.018295,-94.847565,63.140244
1621523690421,-207.94208,-187.59146,62.621952
1621523690451,-336.57013,-310.01526,51.47866
1621523690482,-443.82623,-385.0,64.939026
1621523690484,-445.2744,-356.73782,118.62805
1621523690513,-282.2561,-295.80792,173.84146
1621523690543,-63.216465,-259.25305,195.04573
1621523690543,29.80183,-222.48476,184.5427
1621523690572,80.88415,-110.39635,206.84451
1621523690632,231.0061,17.149391,212.7744
1621523690633,319.46646,84.10061,158.06403
1621523690634,261.35672,156.7683,121.82927
1621523690636,215.56403,144.00916,67.256096
1621523690663,186.28049,147.34756,-0.91463417
1621523690694,184.77135,127.40854,-62.19512
1621523690722,199.1311,85.54878,-100.10671
1621523690722,212.89635,50.411587,-114.74086
1621523690752,230.60976,31.814026,-119.39024
1621523690782,251.12805,16.966463,-122.621956
1621523690782,264.98477,-6.2195125,-127.56098
1621523690811,269.7561,-22.332317,-143.30794
1621523690842,261.32623,-18.140244,-176.78354
1621523690842,231.26524,6.280488,-212.46951
1621523690873,182.8811,-1.1432927,-228.58232
1621523690962,123.78049,-59.02439,-191.82927
1621523690963,71.69208,-56.890244,-88.551834
1621523690963,66.3872,-18.07927,29.969513
1621523690965,39.7561,-24.95427,96.64635
1621523690967,-33.917683,-89.34451,106.26524
1621523690993,-234.40549,9.740854,95.914635
1621523691021,-319.1311,262.31708,89.86281
1621523691023,64.893295,-285.06097,143.97867
1621523691052,70.25915,51.310978,43.018295
1621523691082,-10.198171,50.792683,8.231708
1621523691084,-4.0701222,-41.173782,-24.10061
1621523691112,1.2652439,12.652439,-4.984756
1621523691142,4.64939,21.295732,11.905488
1621523691143,0.8993903,2.179878,4.512195
1621523691172,-2.2865853,-5.8841467,-0.04573171
1621523691202,-2.5762196,-6.7073174,-0.015243903
1621523691202,-2.2560976,-4.009146,2.957317
1621523691231,-1.722561,-2.9420733,7.5609756
1621523691351,-2.1646342,-2.6219513,9.176829
1621523691382,-2.9725611,-3.5365853,6.905488
1621523691383,-2.667683,-3.292683,7.881098
1621523691384,-1.2347561,-1.3719512,12.347561
1621523691385,0.6097561,1.5091463,14.695123
1621523691389,1.9054879,3.6585367,14.512196
1621523691390,2.5457318,2.9420733,14.070123
1621523691412,3.1707318,2.3932927,15.07622
1621523691412,3.1707318,0.7621951,15.137196
1621523691443,2.2865853,0.51829267,16.554878
1621523691443,0.030487806,1.1280488,20.57927
1621523691473,-5.381098,-0.8231707,25.182928
1621523691502,-14.786586,-7.179878,27.728659
1621523691504,-45.0,-9.314025,40.914635
1621523691532,-94.496956,-8.643292,60.10671
1621523691562,-137.7744,-30.716465,67.10366
1621523691563,-193.20122,-72.65244,79.039635
1621523691592,-283.2622,-133.3994,106.35671
1621523691622,-402.3933,-158.2317,170.47256
1621523691622,-499.49695,-162.53049,248.8872
1621523691652,-476.70734,-122.65244,329.2988
1621523691682,-232.72867,-92.71342,350.5183
1621523691684,-48.567074,-59.48171,291.20428
1621523691712,-46.798782,107.5,250.71648
1621523691743,156.67683,61.600613,161.57013
1621523691743,304.43597,26.265245,48.094513
1621523691772,212.31708,115.22866,2.4237804
1621523691802,155.64024,78.76524,-67.51524
1621523691802,157.33232,26.631098,-148.79573
1621523691832,161.40244,19.420732,-200.2744
1621523691862,172.30183,28.07927,-229.1311
1621523691862,203.06403,22.271341,-246.875
1621523691893,239.5427,6.021342,-252.69818
1621523691922,270.97562,-11.112805,-247.65245
1621523691922,287.13416,-36.265244,-239.22256
1621523691952,280.89938,-37.012196,-237.53049
1621523691982,254.32927,-9.070122,-254.98476
1621523691983,219.00916,15.213415,-280.74695
1621523692011,190.09146,-5.015244,-277.85062
1621523692042,153.47562,13.04878,-187.22562
1621523692042,93.246956,37.911587,-28.734756
1621523692073,-63.46037,57.271343,102.439026
1621523692102,-273.58234,103.018295,107.19512
1621523692104,-362.8354,13.262196,122.164635
1621523692133,-21.524391,-235.01524,153.21646
1621523692162,56.55488,57.515244,50.259148
1621523692163,-14.10061,71.189026,32.378048
1621523692193,10.320122,5.0762196,6.3109756
1621523692222,5.0914636,33.35366,16.920732
1621523692224,3.0335367,19.344513,10.884147
1621523692253,0.5487805,10.091464,4.527439
1621523692282,1.4786586,5.289634,8.1402445
1621523692284,-0.86890244,1.570122,4.710366
1621523692312,-1.3414634,-1.3719512,4.847561
1621523692343,-0.8993903,-3.2317073,7.1036587
1621523692343,-0.92987806,-4.4512196,7.9115853
1621523692372,-2.362805,-5.472561,4.009146
1621523692402,-2.8810976,-6.0518293,0.86890244
1621523692402,-1.5243902,-4.9390244,4.5884147
1621523692432,-0.32012194,-3.1097562,8.216464
1621523692462,0.7621951,-0.83841467,10.365854
1621523692462,1.6310976,0.030487806,11.829268
1621523692493,2.332317,1.5396342,13.490854
1621523692522,2.6067073,2.7591465,15.137196
1621523692522,2.332317,2.5762196,17.484756
1621523692553,2.5304878,2.2560976,20.365854
1621523692612,1.570122,1.2347561,23.04878
1621523692613,-2.637195,-0.015243903,27.835367
1621523692615,-17.02744,5.8536587,41.707317
1621523692642,-34.618904,7.3475614,52.40854
1621523692672,-57.042683,-7.9420733,57.362804
1621523692674,-90.22866,-34.298782,61.25
1621523692702,-163.17073,-52.8811,70.99085
1621523692733,-256.61584,-81.25,99.10061
1621523692734,-312.33234,-119.7561,144.4817
1621523692762,-432.65244,-108.993904,212.86586
1621523692792,-499.49695,-88.018295,290.92987
1621523692792,-436.6311,-92.19512,342.30185
1621523692822,-168.24695,-67.85061,322.97256
1621523692852,-66.768295,-36.890244,270.97562
1621523692852,-113.96342,116.676834,218.79573
1621523692881,161.75305,3.628049,63.109756
1621523692912,226.66159,75.07622,-32.515244
1621523692912,146.78354,148.75,-39.48171
1621523692943,124.20732,92.54573,-74.618904
1621523692972,144.39024,45.746952,-130.625
1621523692972,159.35976,60.609756,-171.47867
1621523693001,177.91159,77.24085,-192.57622
1621523693031,208.71951,64.085365,-203.14024
1621523693032,243.27745,39.05488,-208.3994
1621523693061,268.73477,19.832317,-206.92073
1621523693092,278.62805,5.89939,-203.21646
1621523693095,267.51526,-5.929878,-207.8811
1621523693122,228.96342,-21.539635,-233.03354
1621523693152,192.05794,-54.832317,-268.30792
1621523693153,165.15244,-66.189026,-292.51526
1621523693183,145.09146,-113.368904,-298.65854
1621523693212,120.746956,-129.23781,-226.6311
1621523693212,112.80488,-84.87805,-58.795734
1621523693243,119.35976,-30.899391,94.46647
1621523693272,83.62805,-53.27744,140.16768
1621523693274,-23.780489,-78.32317,118.76524
1621523693302,-271.23477,84.78659,51.265244
1621523693334,-432.97256,297.78964,-80.7622
1621523693334,-112.60671,-16.570122,169.63416
1621523693362,147.01219,-65.1372,153.58232
1621523693394,-57.134148,126.82927,15.716464
1621523693394,21.661587,2.1646342,9.588415
1621523693422,6.875,25.167683,10.884147
1621523693452,-3.9939024,36.82927,14.618903
1621523693452,3.140244,8.7652445,6.615854
1621523693483,-0.19817074,5.2439027,3.8414636
1621523693512,-2.317073,8.384147,6.4939027
1621523693512,-1.4786586,9.893293,10.533537
1621523693543,-2.1341465,5.8536587,8.262196
1621523693572,-3.2317073,-0.41158536,3.4756098
1621523693572,-4.02439,-1.4329269,2.698171
1621523693602,-3.4908538,0.21341464,6.006098
1621523693662,-3.323171,0.6859756,8.445122
1621523693662,-3.7347562,0.015243903,8.109756
1621523693665,-3.7347562,-1.417683,8.917684
1621523693692,-3.7804878,-1.8902439,11.631098
1621523693694,-3.7804878,-2.7439024,13.003049
1621523693723,-2.8506098,-4.908537,14.359756
1621523693752,-1.4786586,-6.006098,16.082317
1621523693754,0.10670732,-5.5945125,17.5
1621523693783,1.1890244,-4.1615853,19.207317
1621523693813,0.030487806,-1.9817073,22.469513
1621523693813,-8.353659,-2.057927,30.137196
1621523693842,-39.039635,3.1554878,46.417683
1621523693931,-82.621956,-2.332317,59.7561
1621523693933,-134.81708,-36.875,66.631096
1621523693934,-194.22256,-74.085365,94.48171
1621523693963,-245.5183,-97.89635,125.57927
1621523693963,-310.44208,-118.29269,165.24391
1621523693963,-419.6494,-105.27439,222.16464
1621523693992,-475.48782,-105.701225,288.10977
1621523693992,-321.75305,-40.990856,347.40854
1621523694021,-122.53049,2.8506098,342.40854
1621523694052,-41.6311,55.685978,275.8689
1621523694052,-130.13719,170.83842,203.75
1621523694116,114.5122,-33.5061,39.390244
1621523694116,171.43294,-16.05183,-73.064026
1621523694117,95.60976,80.22866,-90.18293
1621523694143,87.560974,53.82622,-122.54574
1621523694172,125.59451,-3.4298782,-172.11891
1621523694172,159.4817,-14.710366,-208.18597
1621523694202,190.01524,-2.637195,-229.69513
1621523694232,227.40854,-7.4237804,-242.34756
1621523694232,262.80487,-33.55183,-240.22867
1621523694262,280.60977,-57.698174,-228.10976
1621523694292,283.79575,-60.137196,-212.83537
1621523694293,267.2561,-22.484756,-201.15854
1621523694323,223.97867,25.899391,-219.05489
1621523694352,169.8933,55.198174,-264.71036
1621523694353,135.77744,47.5,-299.32928
1621523694383,129.6494,51.082317,-254.5427
1621523694413,117.77439,77.08842,-95.89939
1621523694413,82.59147,43.292683,82.301834
1621523694443,-34.344513,15.807927,180.94513
1621523694472,-234.46648,127.27135,167.13416
1621523694474,-267.0122,-38.42988,171.57013
1621523694503,-3.6585367,-113.30793,113.460365
1621523694532,-0.27439025,99.939026,26.036587
1621523694532,19.283537,-6.295732,1.0213414
1621523694561,14.161586,1.5243902,2.5304878
1621523694592,-0.5030488,29.603659,11.981708
1621523694592,2.317073,6.60061,1.1890244
1621523694621,1.4634147,-2.987805,-3.75
1621523694651,1.5243902,-6.7987804,-1.7835367
1621523694652,0.06097561,-9.02439,-2.667683
1621523694683,-0.91463417,-10.121951,-0.42682928
1621523694712,-1.722561,-10.121951,1.2195122
1621523694712,-3.0487804,-10.152439,0.06097561
1621523694742,-4.10061,-9.817074,-1.9359757
1621523694772,-2.8658538,-7.3323174,0.6859756
1621523694772,-1.0365853,-3.003049,5.9451222
1621523694832,-0.27439025,0.625,8.551829
1621523694833,0.71646345,2.8506098,10.213415
1621523694833,1.9969512,5.487805,12.454268
1621523694863,3.612805,7.637195,15.106708
1621523694892,5.335366,8.414635,17.774391
1621523694922,6.128049,8.551829,19.87805
1621523694922,5.990854,7.240854,21.158537
1621523694952,5.4420733,5.8841467,22.743902
1621523694984,4.1463413,2.1646342,24.786587
1621523694984,2.4695122,-2.835366,25.929878
1621523695012,0.04573171,-8.612805,25.853659
1621523695042,-24.908537,-6.5091467,38.917683
1621523695042,-72.33232,-7.9573174,58.475613
1621523695072,-122.164635,-41.814026,63.338417
1621523695102,-202.40854,-85.83842,75.97561
1621523695102,-275.15244,-115.19817,119.176834
1621523695133,-373.20123,-127.91159,160.22867
1621523695162,-485.48782,-147.74391,207.7744
1621523695162,-479.20734,-164.87805,270.97562
1621523695192,-342.24088,-112.85061,319.95428
1621523695222,-102.439026,-110.53354,299.19208
1621523695222,-64.63415,-32.210365,266.43292
1621523695253,-36.844513,78.00305,209.32927
1621523695283,229.95427,-41.539635,67.80488
1621523695285,238.36891,42.057926,-22.759148
1621523695313,162.2561,94.801834,-60.80793
1621523695342,137.62195,54.375,-116.66159
1621523695344,146.17378,16.539635,-172.3933
1621523695373,159.28354,18.155489,-211.08232
1621523695402,181.67683,28.064026,-234.78659
1621523695404,216.44818,25.884148,-248.53659
1621523695432,250.57927,19.72561,-250.45732
1621523695462,273.62805,-0.015243903,-245.65549
1621523695465,280.6555,-22.957317,-239.5427
1621523695492,268.94818,-14.557927,-235.5183
1621523695523,245.03049,12.560976,-245.80794
1621523695523,217.51524,9.435976,-266.31097
1621523695552,186.18903,-5.7317076,-244.20732
1621523695582,141.6311,33.368904,-142.69818
1621523695582,115.97561,63.719513,5.030488
1621523695612,50.442074,-19.054878,100.30488
1621523695642,-55.609756,-118.56708,121.93598
1621523695642,-283.24695,111.996956,76.539635
1621523695671,-369.93903,280.3811,4.1920733
1621523695702,-164.7561,-131.92073,165.7927
1621523695702,70.7622,-81.722565,115.71647
1621523695732,-6.158537,101.26524,16.448172
1621523695762,13.018293,-12.317074,6.783537
1621523695762,4.72561,-0.5487805,-0.21341464
1621523695791,-0.94512194,26.661587,12.286586
1621523695821,4.3292685,7.5762196,6.6920733
1621523695822,4.1920733,3.5518293,6.128049
1621523695851,3.932927,2.9115853,7.6067076
1621523695881,2.027439,2.7896342,6.9817076
1621523695884,1.097561,1.5091463,8.018292
1621523695914,-0.21341464,-0.015243903,7.637195
1621523695942,-1.5091463,-1.7835367,4.8170733
1621523695944,-1.9969512,-2.2865853,3.1554878
1621523695973,-1.3719512,-0.5945122,5.335366
1621523696002,-0.5030488,1.2804878,8.7652445
1621523696004,0.16768293,2.8658538,11.112805
1621523696033,0.86890244,4.237805,13.246951
1621523696062,1.6006098,5.167683,15.685976
1621523696064,2.667683,5.0609756,17.469513
1621523696093,3.7347562,3.0792685,18.125
1621523696122,4.3140244,2.7439024,19.32927
1621523696123,4.3140244,3.6585367,21.12805
1621523696153,3.140244,5.4420733,24.146341
1621523696182,0.5640244,6.585366,27.271341
1621523696182,-2.0731707,1.7378049,30.47256
1621523696211,-17.804878,-2.5,39.969513
1621523696241,-54.862804,-10.54878,55.609756
1621523696243,-108.826225,-42.759148,61.463417
1621523696273,-193.93294,-70.07622,81.41769
1621523696302,-275.28964,-88.62805,116.996956
1621523696302,-350.42685,-130.94513,157.46951
1621523696333,-465.68597,-102.86585,219.81708
1621523696363,-499.49695,-119.05488,289.66464
1621523696363,-361.08234,-77.71342,353.07928
1621523696393,-174.17683,-58.5061,343.3689
1621523696422,-106.70732,-23.170732,285.70123
1621523696422,-79.35976,77.881096,167.89635
1621523696452,177.68294,-27.911587,-17.637196
1621523696483,158.59756,68.460365,-84.893295
1621523696484,103.23171,88.643295,-83.79573
1621523696513,127.56098,22.743902,-117.393295
1621523696542,160.64024,2.682927,-156.73781
1621523696544,180.8994,26.524391,-186.60062
1621523696573,211.61586,31.737806,-208.58232
1621523696602,249.78659,12.42378,-220.1677
1621523696604,280.32013,-8.643292,-222.13416
1621523696632,303.3384,-33.32317,-218.44513
1621523696662,312.72867,-50.365856,-217.05794
1621523696664,298.44513,-40.670734,-227.34756
1621523696693,262.77438,-7.7439027,-257.7134
1621523696722,219.52745,-3.3384147,-301.1433
1621523696722,182.86586,-72.28659,-330.97562
1621523696751,112.53049,-7.4542685,-238.44513
1621523696782,86.40244,61.67683,-40.27439
1621523696782,46.387196,19.95427,104.69512
1621523696813,-58.109756,-96.28049,139.05489
1621523696842,-278.65854,150.92989,76.08232
1621523696842,-318.6433,265.64026,9.237805
1621523696873,-157.68294,-153.2317,170.15245
1621523696902,45.89939,-161.5244,133.84146
1621523696902,-9.618902,136.85976,36.67683
1621523696932,12.926829,43.338417,30.533537
1621523696962,15.091464,12.118903,5.625
1621523696962,5.9451222,35.89939,18.978659
1621523696991,3.1707318,18.856709,10.914635
1621523697021,1.3567073,9.481708,5.990854
1621523697022,-0.24390244,8.902439,6.1890244
1621523697051,-0.7621951,8.719512,6.8597565
1621523697082,-2.378049,4.496951,5.518293
1621523697084,-4.054878,1.8292683,4.740854
1621523697112,-4.9237804,1.8140244,4.4359756
1621523697142,-4.710366,2.195122,4.6036587
1621523697174,-3.0487804,3.3841465,7.0731707
1621523697174,-1.3567073,4.771342,10.182927
1621523697201,-0.5792683,5.670732,11.432927
1621523697262,-0.09146342,5.4268293,11.143293
1621523697263,0.6859756,5.518293,11.310976
1621523697263,1.1737806,5.7164636,11.737805
1621523697264,1.2195122,5.8231707,12.560976
1621523697293,1.7682927,5.609756,13.841464
1621523697322,2.4390244,4.253049,16.021341
1621523697352,1.5396342,1.7073171,17.515244
1621523697352,-2.179878,-2.7591465,18.292683
1621523697382,-7.256098,-10.823171,20.243902
1621523697412,-13.871951,-21.387196,22.774391
1621523697412,-51.95122,-11.2652445,48.094513
1621523697441,-114.496956,-12.012196,72.393295
1621523697471,-184.78659,-53.27744,90.36585
1621523697473,-224.71037,-105.625,125.80793
1621523697503,-302.19513,-110.89939,166.25
1621523697532,-431.5549,-110.04573,238.04878
1621523697534,-499.49695,-64.16159,312.22562
1621523697562,-401.99695,-38.384148,365.42685
1621523697592,-183.65854,-18.567074,352.1189
1621523697594,-72.77439,32.134148,284.87805
1621523697623,-143.70427,175.97562,174.1311
1621523697652,115.45732,-6.52439,-8.643292
1621523697654,172.86586,26.387196,-101.98171
1621523697683,104.28354,97.576225,-92.8811
1621523697713,115.83842,29.969513,-112.24086
1621523697713,153.09451,-22.97256,-149.66464
1621523697742,172.97256,-2.7134147,-181.38719
1621523697772,196.0061,13.155488,-206.11281
1621523697772,224.20732,-0.030487806,-222.22562
1621523697801,246.70732,-25.97561,-226.61586
1621523697831,259.14636,-45.0,-221.57013
1621523697833,258.6738,-54.573174,-216.73781
1621523697862,244.03964,-49.725613,-215.85367
1621523697892,222.10367,-36.966465,-230.7927
1621523697892,201.29573,-29.893293,-260.18292
1621523697922,180.96037,-44.039635,-281.20428
1621523697952,162.43903,-57.5,-250.56403
1621523697952,137.43903,-12.088415,-130.82318
1621523697981,111.89024,36.78354,21.966463
1621523698011,70.243904,21.859756,102.5
1621523698012,-6.4939027,-74.58842,91.20427
1621523698041,-115.77744,-87.6372,73.03354
1621523698071,-309.07013,85.89939,9.695122
1621523698072,-405.28964,299.7866,-37.682926
1621523698103,-24.984756,15.167684,249.1311
1621523698132,32.911587,39.05488,91.34147
1621523698133,-21.493902,54.17683,3.1707318
1621523698163,19.192074,-10.442074,2.7743902
1621523698192,-2.835366,30.381098,7.271342
1621523698194,-4.085366,16.006098,3.582317
1621523698224,0.47256097,3.3384147,5.1981707
1621523698252,-1.0213414,5.89939,6.1890244
1621523698254,-2.3932927,7.393293,7.789634
1621523698283,-3.307927,4.375,5.8689027
1621523698313,-2.7743902,-1.9512196,3.5670733
1621523698313,-2.698171,-2.6067073,4.8018293
1621523698343,-1.7530488,1.6615855,9.481708
1621523698374,-1.3871951,2.8963416,11.356708
1621523698374,-0.36585367,1.25,12.667684
1621523698402,-0.076219514,-0.5487805,12.530488
1621523698432,-0.015243903,-1.3262196,12.881098
1621523698432,1.1280488,-1.3719512,15.838415
1621523698462,2.4695122,-3.0792685,17.408537
1621523698492,2.6067073,-4.420732,18.262196
1621523698492,1.4329269,-3.3841465,21.082317
1621523698522,-1.0060976,-1.417683,26.844513
1621523698552,-11.2652445,0.5335366,36.768295
1621523698553,-40.89939,2.4695122,52.942074
1621523698581,-74.52744,-11.128049,63.094513
1621523698612,-102.0122,-47.14939,64.58842
1621523698612,-174.43597,-74.5122,71.06708
1621523698643,-261.58536,-104.29878,99.86281
1621523698673,-333.0945,-112.22561,146.79878
1621523698703,-463.20123,-134.16159,191.18903
1621523698703,-499.49695,-167.56097,256.8445
1621523698732,-416.29575,-146.99695,317.33234
1621523698734,-185.77745,-120.10671,312.77438
1621523698763,-9.253049,-157.02744,256.23477
1621523698792,-40.27439,33.65854,232.51524
1621523698794,175.625,-9.405488,138.81097
1621523698822,296.44818,0.47256097,18.887196
1621523698882,203.65854,74.5122,-28.567074
1621523698886,159.67989,6.1737804,-90.71647
1621523698886,157.28659,-43.155487,-160.28964
1621523698913,159.74086,-19.84756,-209.52745
1621523698913,183.53659,-2.957317,-244.07013
1621523698943,219.1311,-19.87805,-266.9055
1621523698972,246.6311,-41.417683,-273.9177
1621523698972,264.3445,-60.823174,-272.77438
1621523699002,271.96646,-61.43293,-264.43597
1621523699031,276.26526,-32.637196,-245.25916
1621523699033,258.7805,3.7804878,-250.85367
1621523699064,225.67073,14.329268,-284.43597
1621523699092,196.61586,29.283537,-281.52438
1621523699092,172.36281,57.317074,-181.53964
1621523699122,158.8567,101.189026,-6.615854
1621523699152,66.371956,65.381096,130.1067
1621523699152,-180.71646,15.625,134.63416
1621523699181,-393.14026,218.87196,71.55488
1621523699212,-234.74086,-74.07012,197.59146
1621523699212,24.496952,-184.46646,136.09756
1621523699242,-12.896341,105.04573,31.524391
1621523699273,10.320122,9.969512,13.018293
1621523699274,11.051829,1.0060976,5.640244
1621523699302,0.79268295,32.591465,18.612804
1621523699332,3.1097562,11.128049,11.25
1621523699334,0.77743906,0.18292683,3.8719513
1621523699363,1.4939024,-3.3841465,4.9390244
1621523699392,1.1432927,-0.7469512,6.7225614
1621523699422,0.7621951,-0.18292683,8.902439
1621523699422,0.28963414,-1.570122,8.993902
1621523699452,-0.4878049,-1.6920732,6.9664636
1621523699454,-0.5792683,-0.12195122,5.381098
1621523699482,0.015243903,1.8445122,7.515244
1621523699543,1.3871951,4.131098,11.52439
1621523699543,2.0731707,5.914634,13.170732
1621523699543,2.012195,6.387195,13.079268
1621523699603,2.637195,6.4786587,13.887196
1621523699603,3.612805,6.8445125,15.823171
1621523699603,4.862805,5.304878,18.231709
1621523699631,5.655488,2.682927,19.817074
1621523699662,5.8231707,1.9359757,21.310976
1621523699663,5.152439,2.0884147,22.987806
1621523699691,4.1615853,1.2042683,24.039635
1621523699721,-6.5091467,0.7012195,30.396341
1621523699722,-31.341465,1.6158537,44.69512
1621523699753,-64.07012,-7.77439,57.469513
1621523699782,-109.58842,-44.22256,63.97866
1621523699784,-194.58842,-74.5122,84.618904
1621523699813,-278.9939,-88.506096,119.58842
1621523699842,-356.5549,-121.40244,157.07318
1621523699845,-479.7104,-122.5,205.50305
1621523699873,-499.49695,-116.326225,270.07623
1621523699902,-360.1677,-105.89939,320.48782
1621523699902,-113.42988,-105.914635,296.32623
1621523699931,-38.780487,-45.823174,263.81097
1621523699964,-29.756098,81.631096,239.49696
1621523699964,245.50305,-52.30183,107.8811
1621523699991,240.47256,36.417683,0.38109756
1621523700022,156.69208,77.835365,-52.865856
1621523700022,131.05183,28.612806,-116.722565
1621523700051,131.53964,-0.15243903,-178.36891
1621523700082,141.50916,10.579268,-225.22867
1621523700082,172.33232,15.594513,-254.31403
1621523700112,216.66159,-1.1280488,-268.06403
1621523700142,255.7927,-20.838415,-265.5945
1621523700142,284.67987,-43.82622,-251.72256
1621523700172,294.20734,-57.2561,-241.53964
1621523700202,279.67987,-33.42988,-245.28964
1621523700202,246.06708,12.789635,-264.07013
1621523700232,219.74086,12.606708,-293.3689
1621523700262,185.82318,3.2469513,-287.94208
1621523700265,131.47867,23.20122,-192.95732
1621523700293,92.77439,45.213417,-20.609756
1621523700322,31.692074,-35.564026,94.98476
1621523700324,-82.0122,-123.79574,115.94512
1621523700353,-321.57013,164.74086,49.634148
1621523700382,-361.85977,235.33537,59.359756
1621523700383,-33.85671,-298.5061,199.25305
1621523700413,45.198174,45.990856,84.893295
1621523700443,-30.304878,125.80793,32.60671
1621523700444,12.012196,-2.362805,1.3109757
1621523700473,0.51829267,24.512196,8.04878
1621523700502,3.0945122,23.170732,12.820123
1621523700502,1.1432927,5.335366,3.6585367
1621523700532,-0.7012195,0.73170733,3.445122
1621523700564,-0.09146342,2.042683,6.158537
1621523700565,-0.6707317,1.7378049,6.158537
1621523700592,-1.7987806,-1.5853659,4.6036587
1621523700622,-2.957317,-5.0609756,2.210366
1621523700622,-3.582317,-6.8140244,0.04573171
1621523700651,-3.582317,-6.7225614,-1.0213414
1621523700683,-2.1493902,-4.3140244,1.4939024
1621523700712,-0.22865854,0.09146342,5.5792685
1621523700712,0.91463417,4.8018293,8.231708
1621523700742,1.875,7.7286587,9.969512
1621523700742,3.0182927,8.582317,11.067074
1621523700772,3.887195,8.353659,11.204268
1621523700801,5.0,7.881098,12.667684
1621523700802,5.7469516,7.865854,14.329268
1621523700832,6.0518293,6.1737804,15.868903
1621523700862,6.0670733,1.875,18.07927
1621523700865,4.4512196,-1.5243902,19.496952
1621523700892,0.99085367,-5.4115853,17.789635
1621523700922,-5.4268293,-9.009147,18.67378
1621523700924,-21.09756,-10.564025,30.792685
1621523700953,-69.02439,-10.625,56.737804
1621523700982,-134.03964,-37.759148,86.84451
1621523700983,-194.87805,-75.685974,109.28354
1621523701013,-294.77136,-105.82317,125.89939
1621523701043,-401.89026,-140.80794,146.84451
1621523701043,-473.10977,-154.0244,181.53964
1621523701073,-468.8872,-136.64635,252.51524
1621523701104,-272.43903,-85.16769,296.58536
1621523701104,-102.37805,-83.85671,282.9116
1621523701133,-56.692074,-12.42378,233.58232
1621523701193,-8.689025,75.41159,182.75916
1621523701193,226.3872,-33.643295,75.22866
1621523701193,227.82013,58.46037,-3.1707318
1621523701223,156.99695,116.0061,-47.743904
1621523701223,127.0122,84.34451,-109.39024
1621523701251,135.57927,47.682926,-169.2683
1621523701282,153.47562,45.198174,-207.2561
1621523701282,178.47562,50.060978,-225.92989
1621523701312,208.15549,41.890244,-231.43294
1621523701342,237.10367,29.862806,-228.47562
1621523701342,255.57927,18.993902,-224.57318
1621523701372,263.3689,-9.939025,-232.13416
1621523701401,253.44513,-35.655487,-248.90245
1621523701402,234.61891,-47.515244,-273.42987
1621523701432,219.5427,-84.28354,-296.40244
1621523701462,183.10976,-104.72561,-254.00916
1621523701463,125.35062,-42.82012,-105.83842
1621523701494,93.826225,19.664635,52.911587
1621523701522,-4.8323174,-29.969513,103.03354
1621523701524,-305.77744,93.91769,68.551834
1621523701553,-419.42075,264.48172,90.64024
1621523701582,-46.387196,-216.02135,241.0061
1621523701583,29.695122,61.58537,87.256096
1621523701612,-11.067074,90.289635,23.064026
1621523701641,17.65244,-14.161586,4.222561
1621523701672,7.5,24.146341,12.835366
1621523701673,3.2469513,19.649391,13.445123
1621523701703,2.5762196,8.521341,8.75
1621523701732,1.6920732,7.1341467,11.371951
1621523701732,0.24390244,8.612805,12.621951
1621523701762,-1.402439,6.265244,11.341464
1621523701791,-3.0335367,1.1890244,8.429878
1621523701792,-4.009146,-1.5853659,6.417683
1621523701821,-3.948171,-1.3262196,6.4786587
1621523701882,-3.125,-0.625,6.3719516
1621523701883,-2.2408538,-0.35060975,7.057927
1621523701887,-1.0823171,0.25914633,8.643292
1621523701887,-0.015243903,1.4786586,9.893293
1621523701912,1.570122,3.3536587,11.905488
1621523701943,2.8963416,4.375,13.628049
1621523701972,4.039634,3.887195,14.939025
1621523702003,4.1615853,2.2408538,17.088415
1621523702003,3.140244,0.38109756,21.493902
1621523702032,-0.5030488,-0.30487806,26.692074
1621523702034,-10.060976,-6.128049,31.935976
1621523702063,-35.990856,-9.054878,47.317074
1621523702092,-89.48171,-17.271341,70.65549
1621523702092,-163.17073,-57.073174,99.48171
1621523702122,-235.3811,-81.44817,132.51524
1621523702153,-321.43292,-115.68598,165.15244
1621523702153,-457.45428,-113.551834,213.07927
1621523702182,-499.49695,-87.743904,287.34756
1621523702212,-383.4604,-73.460365,343.82623
1621523702212,-142.68294,-79.42073,329.46646
1621523702242,-57.210365,-21.158537,290.67075
1621523702272,-89.29878,134.49695,247.6677
1621523702272,196.23476,-63.582317,91.82927
1621523702303,248.76524,-17.22561,-48.246952
1621523702332,166.23476,61.219513,-84.77135
1621523702332,129.20732,12.545732,-116.28049
1621523702362,144.375,-50.121952,-166.08232
1621523702391,159.42073,-43.841465,-210.68597
1621523702392,172.89635,-18.978659,-240.59451
1621523702422,198.93294,-18.27744,-260.33536
1621523702453,230.32013,-31.539635,-273.7805
1621523702454,253.8872,-44.52744,-279.11588
1621523702482,252.59148,-44.17683,-275.67075
1621523702512,241.25,-36.0061,-273.07928
1621523702514,236.12805,-14.10061,-280.53354
1621523702542,240.09148,-19.740854,-293.03354
1621523702572,221.55489,-48.414635,-260.48782
1621523702573,165.21342,-39.22256,-146.69208
1621523702602,140.25916,62.53049,34.05488
1621523702632,34.893295,26.356709,129.74086
1621523702634,-271.53964,76.84451,95.335365
1621523702663,-457.85062,294.87805,34.634148
1621523702694,-175.39635,-28.27744,238.85672
1621523702694,57.515244,-66.3872,125.076225
1621523702723,-16.17378,100.65549,29.908537
1621523702754,35.35061,-10.182927,17.469513
1621523702754,3.5365853,20.853659,7.9268293
1621523702782,3.3384147,22.469513,11.814025
1621523702812,3.7042685,5.2591467,3.765244
1621523702812,2.1646342,3.2469513,6.4481707
1621523702842,0.04573171,6.265244,8.109756
1621523702872,-2.2408538,6.4786587,8.658537
1621523702872,-3.1859758,3.8719513,8.445122
1621523702903,-3.460366,0.65548784,6.60061
1621523702932,-3.445122,0.04573171,5.137195
1621523702932,-3.0945122,0.86890244,4.115854
1621523702962,-1.8597561,2.5,6.432927
1621523702991,-1.0213414,4.893293,9.420732
1621523702992,-0.24390244,5.625,11.17378
1621523703021,0.7012195,5.4420733,11.768293
1621523703051,1.2042683,5.27439,11.981708
1621523703054,2.210366,5.2134147,13.597561
1621523703082,3.948171,4.7865853,16.539635
1621523703112,5.5640244,4.420732,19.893293
1621523703114,6.783537,3.2469513,23.734756
1621523703143,4.878049,4.039634,28.064026
1621523703172,0.73170733,0.5335366,30.411587
1621523703174,-9.253049,-5.8536587,35.685978
1621523703202,-40.289635,4.4664636,55.792683
1621523703232,-81.539635,-16.79878,68.10976
1621523703234,-135.88416,-65.16769,85.35061
1621523703263,-196.58537,-79.28354,110.92988
1621523703294,-264.98477,-91.15854,141.70732
1621523703295,-371.69208,-83.65854,198.56708
1621523703322,-460.45734,-34.52744,269.32928
1621523703352,-398.9177,-36.15854,334.72562
1621523703352,-218.84146,-20.442074,345.50305
1621523703381,-46.265244,27.804878,304.2988
1621523703411,-81.493904,108.993904,210.35062
1621523703413,32.97256,-15.0,51.72256
1621523703442,154.83232,-70.18293,-95.39635
1621523703472,78.61281,52.743904,-114.496956
1621523703472,50.198174,51.47866,-121.98171
1621523703502,87.98781,-3.5975611,-160.56403
1621523703532,128.17073,-18.338415,-194.74086
1621523703532,152.01219,-4.237805,-212.07318
1621523703562,178.93294,-3.887195,-220.60976
1621523703592,211.43294,-19.786587,-228.68903
1621523703592,239.67989,-36.966465,-233.21648
1621523703621,253.9177,-48.368904,-231.43294
1621523703651,252.97256,-44.878048,-226.75305
1621523703654,238.78049,-27.804878,-226.89024
1621523703683,210.36586,-6.8445125,-239.43597
1621523703712,182.75916,-8.917684,-261.4634
1621523703714,159.14635,-24.573172,-255.48781
1621523703743,113.03354,22.698172,-170.80794
1621523703773,73.2622,68.8872,-36.768295
1621523703773,22.881098,23.368902,46.112804
1621523703802,-43.628048,-98.597565,46.75305
1621523703832,-169.05489,-53.20122,62.37805
1621523703834,-359.7561,212.86586,26.570122
1621523703863,-280.60977,172.89635,187.65245
1621523703892,92.51524,-87.6372,188.24695
1621523703922,-16.692074,105.914635,31.905489
1621523703922,4.527439,10.807927,10.365854
1621523703954,9.3902445,1.2042683,1.7682927
1621523703982,-2.8810976,30.54878,8.39939
1621523703982,-1.8597561,13.353659,5.625
1621523704012,-3.125,2.4695122,1.1585366
1621523704042,-4.054878,1.8902439,3.932927
1621523704042,-5.655488,2.042683,2.698171
1621523704073,-6.2042685,-3.262195,1.417683
1621523704102,-7.362805,-9.009147,-0.9603659
1621523704104,-8.460366,-11.189025,-3.8567073
1621523704132,-6.753049,-9.603659,-0.85365856
1621523704162,-3.7347562,-4.9237804,5.6859756
1621523704164,-2.637195,-2.378049,7.637195
1621523704193,-2.1646342,-2.2560976,7.9573174
1621523704252,-1.1890244,-1.3262196,11.493903
1621523704254,0.83841467,-0.99085367,15.030488
1621523704254,2.804878,-1.9359757,16.768293
1621523704282,3.445122,-2.4085367,16.996952
1621523704282,3.9939024,-1.402439,18.368902
1621523704311,4.359756,1.0365853,23.70427
1621523704344,-16.371952,12.317074,42.60671
1621523704344,-36.310978,7.393293,53.521343
1621523704372,-63.262196,-6.920732,55.22866
1621523704402,-99.63415,-26.996952,55.716465
1621523704402,-136.50916,-57.987804,57.65244
1621523704462,-193.99391,-96.935974,68.58232
1621523704463,-284.86282,-123.064026,108.49086
1621523704464,-385.8994,-116.676834,165.67073
1621523704492,-492.2561,-151.75305,221.32622
1621523704552,-499.49695,-137.53049,304.1311
1621523704553,-339.90854,-101.21951,355.07623
1621523704555,-85.41159,-114.05488,321.7683
1621523704583,9.573171,-31.67683,262.13416
1621523704583,-1.3871951,87.31708,185.36586
1621523704612,239.23781,-46.143295,22.118902
1621523704642,184.92378,35.685978,-61.219513
1621523704643,128.75,44.634148,-116.493904
1621523704671,157.8811,-19.115854,-191.96646
1621523704701,199.07013,-32.54573,-243.36891
1621523704704,227.91159,-7.164634,-270.74695
1621523704733,249.22256,-2.5,-282.54575
1621523704762,273.42987,-27.987806,-283.44513
1621523704764,293.85672,-40.091465,-275.94513
1621523704792,307.65244,-30.487806,-267.65244
1621523704822,296.875,5.7469516,-269.07013
1621523704824,266.64636,66.50915,-290.57928
1621523704853,246.53964,93.04878,-316.9055
1621523704884,228.97867,60.85366,-264.1616
1621523704884,177.42378,31.707317,-95.746956
1621523704913,134.52744,4.740854,87.393295
1621523704945,-6.7073174,-118.42988,130.99086
1621523704945,-310.2439,89.496956,109.46647
1621523704972,-399.32928,111.26524,205.77745
1621523705002,18.292683,-194.08537,255.01524
1621523705002,-1.6920732,201.79878,120.41159
1621523705033,-0.6707317,55.92988,26.082317
1621523705062,9.420732,-18.75,-5.472561
1621523705062,-0.030487806,33.216465,9.908537
1621523705093,-0.36585367,19.87805,13.170732
1621523705122,-1.6768293,8.902439,6.539634
1621523705122,-2.7439024,8.368902,8.155488
1621523705152,-2.5609756,7.3323174,10.503049
1621523705182,-2.7743902,5.792683,8.67378
1621523705182,-3.0640244,4.3445125,6.402439
1621523705211,-3.307927,2.4542685,4.557927
1621523705271,-3.3993902,0.65548784,3.5060976
1621523705302,-3.140244,0.47256097,2.9115853
1621523705302,-1.9817073,2.057927,3.9634147
1621523705303,-1.0213414,4.085366,5.807927
1621523705305,-0.5335366,5.4573174,6.52439
1621523705333,-0.09146342,6.753049,6.646342
1621523705362,1.0365853,8.429878,7.987805
1621523705365,2.7591465,8.871951,10.35061
1621523705393,4.359756,8.1402445,12.5152445
1621523705422,4.8323174,4.771342,13.948171
1621523705424,5.4115853,-0.13719513,16.875
1621523705453,6.097561,-3.6737807,20.335367
1621523705484,2.042683,-2.5,21.478659
1621523705485,-2.362805,-4.9542685,22.210367
1621523705512,-10.426829,-8.079268,31.265245
1621523705545,-42.82012,-0.6402439,54.588417
1621523705545,-90.97561,-4.283537,75.82317
1621523705572,-134.6494,-36.78354,101.75305
1621523705603,-192.78964,-63.521343,125.36586
1621523705603,-277.6372,-76.996956,143.42989
1621523705632,-388.7195,-99.83232,181.26524
1621523705662,-473.76526,-81.06708,244.43597
1621523705662,-417.16464,-47.439026,317.56097
1621523705693,-222.82013,-26.859756,336.57013
1621523705722,-52.240856,-6.4634147,292.30185
1621523705722,-63.536587,108.15549,199.60367
1621523705752,70.27439,12.332317,56.295734
1621523705782,166.81403,-6.158537,-67.33232
1621523705782,96.79878,96.57012,-89.98476
1621523705814,74.02439,88.125,-112.68293
1621523705842,102.82012,38.246952,-156.99695
1621523705845,129.60367,37.65244,-192.71342
1621523705873,150.82318,58.246952,-213.65854
1621523705902,181.29573,55.289635,-227.46951
1621523705904,210.24391,39.80183,-236.34148
1621523705933,230.10672,31.859756,-238.9177
1621523705962,242.3933,23.47561,-242.21037
1621523705964,252.05794,-8.490854,-253.00305
1621523705993,254.1311,-25.060976,-268.9939
1621523706021,240.25916,-13.003049,-294.35977
1621523706024,222.27135,-93.42988,-311.67685
1621523706082,156.66159,-124.40549,-259.25305
1621523706086,87.46951,-21.95122,-97.17988
1621523706086,57.5,28.353659,62.40854
1621523706112,-16.493902,-80.746956,104.40549
1621523706144,-220.42683,-38.643295,96.34147
1621523706144,-420.06097,268.03354,59.08537
1621523706172,-86.371956,-127.85062,240.5183
1621523706202,34.009148,98.71951,145.5183
1621523706232,-20.929878,110.73171,23.094513
1621523706232,9.969512,-29.024391,-11.539635
1621523706261,2.7743902,11.387196,2.4542685
1621523706291,-1.4939024,18.368902,10.289635
1621523706294,-0.99085367,5.5487804,6.646342
1621523706322,-2.3018293,1.6768293,6.2042685
1621523706352,-1.4634147,3.5060976,9.634147
1621523706354,-2.012195,3.902439,8.429878
1621523706382,-3.1097562,0.04573171,5.792683
1621523706413,-3.4908538,-3.3841465,3.7957318
1621523706413,-3.0182927,-4.390244,3.902439
1621523706443,-1.9817073,-2.9420733,5.0609756
1621523706472,-1.0213414,-0.25914633,6.7073174
1621523706472,-0.25914633,2.7439024,7.7134147
1621523706501,0.7469512,5.5945125,8.948171
1621523706533,1.9817073,8.262196,11.158537
1621523706533,2.7439024,8.551829,11.981708
1621523706562,3.6585367,7.271342,11.95122
1621523706592,4.634146,5.990854,12.606708
1621523706592,4.3140244,3.0640244,14.969513
1621523706622,3.460366,-3.460366,16.890244
1621523706653,0.5487805,-8.338415,17.22561
1621523706681,-9.634147,-10.960366,19.375
1621523706684,-38.795734,-10.89939,37.042683
1621523706712,-93.14024,-12.591464,63.018295
1621523706713,-152.01219,-55.838417,67.85061
1621523706742,-222.36281,-110.77744,87.301834
1621523706772,-316.78354,-142.62195,133.21646
1621523706772,-451.32623,-141.60062,187.5
1621523706803,-499.49695,-161.78354,238.90245
1621523706832,-441.96646,-116.50915,310.92987
1621523706833,-200.96037,-90.32012,318.81097
1621523706863,-25.929878,-78.32317,269.46646
1621523706892,-57.545734,95.27439,226.20427
1621523706894,96.61585,63.109756,137.56097
1621523706923,249.87805,19.695122,20.335367
1621523706952,193.17073,121.70732,-19.25305
1621523706954,150.24391,110.564026,-67.972565
1621523706982,155.96037,55.213417,-140.92989
1621523707013,165.28964,42.942074,-192.95732
1621523707013,174.84756,50.30488,-220.50305
1621523707043,202.80489,46.387196,-238.35367
1621523707074,234.14635,36.189026,-245.0
1621523707074,261.89026,19.664635,-238.21648
1621523707103,278.6738,4.4512196,-231.43294
1621523707134,281.96646,-24.695122,-241.75305
1621523707135,264.02438,-30.411587,-265.82318
1621523707192,231.32622,-34.253048,-296.1433
1621523707192,195.1372,-92.835365,-299.28354
1621523707192,134.54268,-72.393295,-207.92683
1621523707222,105.97561,-22.149391,-48.689026
1621523707282,70.22866,-0.13719513,72.85061
1621523707283,-21.72256,-69.710365,98.871956
1621523707286,-130.2744,-82.80488,79.77135
1621523707312,-325.77744,74.19208,21.72256
1621523707312,-412.62195,301.0061,35.32012
1621523707343,61.966465,-94.5122,257.80487
1621523707372,12.271341,129.05489,88.643295
1621523707372,-19.146341,71.95122,18.765244
1621523707403,21.875,-8.551829,-1.2195122
1621523707433,4.6189027,24.603659,6.1890244
1621523707433,0.99085367,12.621951,8.734756
1621523707463,-0.12195122,5.960366,6.2042685
1621523707492,-0.9603659,5.182927,9.832317
1621523707494,-2.2865853,5.518293,9.817074
1621523707522,-3.2469513,2.332317,7.3170733
1621523707552,-3.8414636,-2.667683,4.740854
1621523707554,-4.405488,-5.304878,2.4847562
1621523707582,-3.8414636,-4.4817076,2.637195
1621523707612,-2.515244,-1.0518293,4.64939
1621523707614,-1.1128049,1.7530488,6.9969516
1621523707644,0.0,3.628049,8.185976
1621523707673,0.9756098,5.1981707,9.939025
1621523707673,1.9817073,6.3567076,11.509147
1621523707703,3.0182927,6.158537,11.79878
1621523707732,4.02439,5.0762196,12.469513
1621523707733,5.304878,3.612805,14.679878
1621523707790,6.158537,1.2347561,16.524391
1621523707794,5.1067076,-1.0670732,18.536585
1621523707794,2.637195,-4.02439,19.893293
1621523707823,-2.7743902,-7.8353662,20.365854
1621523707853,-27.30183,-2.987805,37.713417
1621523707853,-69.35976,-4.4664636,60.42683
1621523707882,-121.17378,-42.423782,74.039635
1621523707913,-183.42989,-68.597565,97.77439
1621523707913,-264.22256,-80.10671,126.21951
1621523707943,-348.4299,-120.85366,153.87195
1621523707972,-483.7805,-143.87195,196.47867
1621523707972,-499.49695,-146.79878,269.1616
1621523708003,-363.76526,-111.90549,330.19818
1621523708032,-118.78049,-112.10366,315.09146
1621523708033,-35.73171,-51.82927,273.7805
1621523708063,-41.112804,87.53049,215.7622
1621523708092,204.31403,-29.070122,83.368904
1621523708094,239.08537,25.07622,-24.87805
1621523708122,171.44818,84.95427,-66.95122
1621523708152,142.82013,53.39939,-115.53354
1621523708154,146.23476,16.95122,-170.83842
1621523708182,151.89024,18.018293,-212.56097
1621523708213,168.75,27.088415,-238.33842
1621523708213,203.65854,25.274391,-251.90549
1621523708243,245.67073,17.637196,-251.99696
1621523708274,277.69818,7.4237804,-241.99696
1621523708274,283.56708,-5.121951,-232.24086
1621523708302,259.22256,-16.387196,-237.5
1621523708334,227.89635,-16.021341,-256.1738
1621523708334,201.15854,-25.50305,-280.1677
1621523708392,175.13719,-56.814026,-276.50916
1621523708393,133.46037,-34.039635,-187.1494
1621523708394,90.39635,-2.195122,-57.14939
1621523708422,34.496952,1.7835367,39.07012
1621523708452,-36.814026,-69.57317,61.295734
1621523708482,-130.88416,-80.30488,65.71646
1621523708483,-338.14026,171.99695,35.3811
1621523708512,-418.79575,351.02136,-0.45731708
1621523708542,-85.7622,-45.396343,218.76524
1621523708543,55.487804,-29.771341,92.393295
1621523708573,-30.945122,101.50915,11.554878
1621523708602,32.60671,-18.871952,5.762195
1621523708604,-0.41158536,14.45122,3.8262196
1621523708633,1.7835367,9.466464,6.006098
1621523708664,4.8018293,-4.222561,4.9695125
1621523708664,0.83841467,-2.2408538,8.460366
1621523708693,-1.3109757,-2.012195,7.1036587
1621523708724,-3.0487804,-3.9786587,6.006098
1621523708724,-3.0792685,-7.6067076,6.9969516
1621523708752,-4.039634,-11.143293,4.634146
1621523708782,-5.015244,-11.204268,2.4085367
1621523708782,-3.9939024,-10.167684,4.131098
1621523708812,-1.875,-9.085366,7.9573174
1621523708843,-0.91463417,-5.7317076,9.939025
1621523708843,-0.88414633,-2.4847562,10.746951
1621523708873,-0.5792683,0.73170733,12.210366
1621523708903,1.402439,3.75,13.719513
1621523708903,3.0792685,5.472561,14.085366
1621523708932,3.582317,6.021342,14.573171
1621523708961,4.3445125,6.2042685,16.554878
1621523708962,2.4085367,5.914634,18.231709
1621523708992,-8.978659,7.0731707,23.978659
1621523709021,-26.432928,4.664634,34.10061
1621523709022,-50.73171,-11.478659,43.780487
1621523709051,-91.11281,-35.716465,54.435978
1621523709082,-145.86891,-71.143295,67.53049
1621523709084,-223.73476,-128.49086,78.07927
1621523709113,-332.57623,-161.31097,126.57012
1621523709142,-470.10672,-177.51524,185.85367
1621523709143,-499.49695,-224.96951,244.32927
1621523709172,-473.30795,-171.67683,325.50305
1621523709202,-241.31097,-124.92378,338.07928
1621523709204,-40.396343,-110.868904,285.30487
1621523709262,-46.463417,59.237804,230.35062
1621523709265,112.36281,74.039635,124.52744
1621523709265,270.09146,27.286587,4.6189027
1621523709293,191.46342,106.84451,-34.786587
1621523709324,164.90854,68.82622,-90.54878
1621523709324,183.125,13.185976,-159.84756
1621523709352,194.84756,10.670732,-201.6311
1621523709382,207.10367,21.935976,-222.57622
1621523709382,235.65549,13.521341,-235.18294
1621523709412,272.43903,-3.9786587,-240.2744
1621523709442,301.0366,-19.070122,-242.8811
1621523709443,310.80792,-34.893295,-251.81403
1621523709472,302.5,-31.463415,-263.97867
1621523709502,265.7622,9.588415,-285.70123
1621523709502,216.58537,-5.5792685,-335.53354
1621523709562,162.6067,-16.25,-305.2439
1621523709563,106.0061,74.64939,-123.35366
1621523709563,68.07927,67.36281,64.78659
1621523709593,-101.52439,-50.868904,136.44818
1621523709622,-366.08234,145.70122,93.79573
1621523709622,-333.65854,59.55793,202.33232
1621523709652,93.85671,-122.98781,193.67378
1621523709681,-18.963415,115.06098,22.92683
1621523709682,7.8201222,-24.359756,-10.091464
1621523709711,7.77439,6.4634147,3.125
1621523709741,4.9695125,28.521341,16.920732
1621523709745,5.3201222,4.1768293,4.740854
1621523709773,4.72561,-2.682927,4.878049
1621523709802,4.253049,-2.1493902,7.1036587
1621523709804,1.7987806,-1.3719512,5.5487804
1621523709833,0.10670732,-4.9695125,4.908537
1621523709864,-1.1432927,-8.704268,3.6432927
1621523709864,-1.7987806,-8.567074,4.5884147
1621523709892,-2.4695122,-7.8353662,3.8567073
1621523709924,-0.99085367,-6.875,6.3262196
1621523709924,1.6768293,-5.6859756,11.006098
1621523709952,1.8445122,-3.628049,12.57622
1621523709982,1.6463414,-0.09146342,13.612805
1621523709982,2.5457318,5.2439027,16.006098
1621523710012,3.612805,9.02439,18.59756
1621523710042,1.2347561,11.189025,23.536587
1621523710044,-6.2347565,10.198171,31.905489
1621523710073,-27.713415,12.743903,50.015244
1621523710102,-57.30183,-0.21341464,67.45427
1621523710102,-98.29269,-39.28354,78.018295
1621523710132,-194.45122,-85.73171,92.91159
1621523710163,-337.4238,-157.30183,108.97866
1621523710163,-499.49695,-226.60062,150.45732
1621523710192,-499.49695,-262.05792,245.21342
1621523710221,-432.33234,-177.51524,330.06097
1621523710222,-133.46037,-133.56708,309.1616
1621523710253,-56.265244,-6.8292685,238.90245
1621523710282,-30.853659,143.93294,178.36891
1621523710284,233.07927,81.15854,59.192074
1621523710313,255.0,147.63719,11.128049
1621523710342,202.54573,171.5244,-12.042684
1621523710343,180.18294,119.29878,-76.676834
1621523710373,180.625,83.67378,-149.08537
1621523710402,175.44208,97.72866,-200.94513
1621523710404,179.45122,114.801834,-241.875
1621523710433,199.92378,114.28354,-274.05487
1621523710462,227.78964,125.06098,-282.98782
1621523710462,232.69818,146.09756,-286.7988
1621523710491,193.56708,137.66768,-323.58234
1621523710523,135.24391,89.60366,-382.0884
1621523710523,80.83842,10.746951,-386.31097
1621523710552,53.62805,-39.710365,-309.10062
1621523710582,-35.0,-86.08232,-58.887196
1621523710612,-270.77744,-8.231708,128.17073
1621523710612,-219.32927,83.09451,94.451225
1621523710642,205.44208,-204.31403,12.042684
1621523710643,-19.862804,55.838417,4.4817076
1621523710672,-6.25,-5.2134147,-13.246951
1621523710703,5.4573174,-2.957317,-13.628049
1621523710732,8.780488,34.253048,18.429878
1621523710734,6.539634,11.509147,5.335366
1621523710763,5.777439,8.963415,4.512195
1621523710792,4.5884147,12.408537,5.1981707
1621523710794,2.9725611,8.277439,2.698171
1621523710823,1.6158537,4.512195,-0.09146342
1621523710852,1.3109757,3.140244,-0.41158536
1621523710854,1.5091463,2.5914636,0.9756098
1621523710883,1.1280488,2.698171,1.3567073
1621523710913,0.8993903,2.0884147,0.44207317
1621523710913,1.25,3.003049,1.1280488
1621523710942,0.83841467,3.2012196,1.5243902
1621523710972,0.16768293,3.0182927,1.0213414
1621523710972,-0.22865854,3.5213416,1.6006098
1621523711002,-0.19817074,3.6585367,2.5762196
1621523711032,-0.18292683,4.115854,3.5518293
1621523711032,-0.30487806,2.362805,3.5365853
1621523711063,0.10670732,-0.6097561,4.10061
1621523711092,-0.6707317,-4.908537,4.8323174
1621523711092,-3.7957318,-12.469513,3.9634147
1621523711123,-5.1981707,-7.9115853,4.512195
1621523711152,-6.9512196,-8.643292,2.4237804
1621523711153,-9.72561,-18.216463,-0.36585367
1621523711182,-16.219513,-21.859756,-0.71646345
1621523711272,-36.310978,-25.42683,7.881098
1621523711273,-72.118904,-39.207317,37.667683
1621523711276,-108.14024,-47.911587,59.87805
1621523711276,-141.53964,-65.426834,68.21647
1621523711277,-156.47867,-73.76524,69.176834
1621523711303,-163.82622,-61.143295,80.243904
1621523711332,-160.80794,-30.381098,92.51524
1621523711334,-120.60976,-14.131098,82.118904
1621523711362,-81.768295,15.960366,60.137196
1621523711392,-45.838417,36.310978,40.137196
1621523711394,23.323172,18.185976,43.5061
1621523711423,102.19512,-9.527439,43.384148
1621523711454,132.07318,17.439024,31.280489
1621523711454,134.39024,27.362806,15.472561
1621523711483,133.58232,11.082317,-11.448171
1621523711513,133.38416,-2.4085367,-41.95122
1621523711513,134.16159,-8.795732,-64.63415
1621523711542,139.34451,-11.204268,-74.95427
1621523711572,145.7317,-13.445123,-73.49085
1621523711572,146.7683,-16.006098,-62.34756
1621523711632,135.99086,-18.185976,-47.865856
1621523711633,111.78354,-26.371952,-38.20122
1621523711634,87.19512,-34.512196,-32.210365
1621523711663,70.746956,-32.439026,-21.463415
1621523711692,57.560978,-31.280489,-4.6189027
1621523711692,38.82622,-37.682926,9.939025
1621523711723,10.685976,-47.759148,21.356709
1621523711752,-18.67378,-47.439026,29.72561
1621523711753,-99.34451,-9.054878,31.143293
1621523711783,-226.05183,269.5884,-12.5152445
1621523711813,-5.609756,194.17683,82.439026
1621523711813,116.17378,-137.24086,37.34756
1621523711843,-12.57622,8.277439,-8.932927
1621523711872,22.45427,-15.762196,7.4390244
1621523711874,7.1951222,-2.8506098,-2.8658538
1621523711903,0.65548784,24.95427,6.5701222
1621523711932,4.2073174,14.832317,7.256098
1621523711934,3.902439,6.3719516,0.32012194
1621523711962,2.4085367,7.7286587,2.7286587
1621523711992,1.9512196,5.7469516,1.7987806
1621523711994,0.92987806,2.5457318,0.44207317
1621523712023,1.2652439,2.4237804,3.2317073
1621523712054,0.91463417,2.5457318,4.3140244
1621523712054,-0.015243903,0.85365856,3.7347562
1621523712112,-0.7621951,-1.4786586,1.7530488
1621523712113,-0.71646345,-3.8109758,0.5487805
1621523712113,-0.6402439,-3.5518293,1.097561
1621523712142,-0.51829267,-0.9756098,2.7743902
1621523712173,0.19817074,0.45731708,4.115854
1621523712173,0.85365856,1.1432927,5.3201222
1621523712202,1.6615855,1.3262196,6.2195125
1621523712232,2.7743902,1.3262196,7.5
1621523712232,4.02439,1.3871951,9.618902
1621523712263,5.2286587,0.88414633,12.362805
1621523712532,6.3414636,-0.39634147,14.893293
1621523712532,6.8140244,-3.262195,17.149391
1621523712536,5.8231707,-8.704268,18.338415
1621523712536,3.0792685,-19.756098,17.621952
1621523712536,-3.932927,-24.146341,32.40854
1621523712540,-59.52744,14.268293,92.69817
1621523712540,-87.45427,-24.435976,117.71342
1621523712562,-122.05793,-91.66159,117.36281
1621523712565,-212.33232,-87.13415,131.08232
1621523712565,-286.875,-105.85366,157.27135
1621523712593,-302.33234,-34.90854,259.57318
1621523712593,-25.685976,30.396341,222.53049
1621523712593,24.603659,14.801829,129.43597
1621523712596,170.53354,-120.94512,18.658537
1621523712713,136.44818,-48.323174,-68.064026
1621523712713,67.75915,-7.271342,-113.84147
1621523712713,53.85671,-24.908537,-160.15244
1621523712743,81.79878,-50.3811,-206.02135
1621523712773,112.66769,-55.594513,-237.42378
1621523712773,134.87805,-36.6311,-251.34148
1621523712774,163.49086,-20.213415,-252.56097
1621523712775,193.44513,-12.347561,-239.81708
1621523712775,210.2744,-3.6890244,-214.77135
1621523712803,210.30489,9.146341,-195.80794
1621523712924,198.24695,19.314024,-198.33842
1621523712925,180.57927,17.042683,-208.35367
1621523712925,162.65244,9.695122,-192.02745
1621523712927,115.625,37.02744,-120.472565
1621523712927,49.405487,65.60976,-4.8170733
1621523712927,-82.05793,43.368904,81.25
1621523712953,-290.88416,127.72866,39.253048
1621523712982,-331.25,232.7744,66.82927
1621523712984,-60.548782,-215.2744,185.1677
1621523713013,44.45122,10.320122,69.54269
1621523713042,-8.536586,58.948174,5.929878
1621523713043,18.948172,-31.768293,-4.0701222
1621523713073,6.4634147,16.905489,6.2042685
1621523713102,1.4939024,26.844513,12.957317
1621523713104,3.948171,5.89939,4.64939
1621523713133,2.3932927,2.042683,2.4085367
1621523713223,2.9420733,1.7835367,3.323171
1621523713223,1.5243902,2.9115853,2.8963416
1621523713223,0.73170733,1.9207318,3.3841465
1621523713227,0.5945122,-0.42682928,3.445122
1621523713227,0.45731708,0.030487806,4.4817076
1621523713282,0.47256097,1.097561,4.375
1621523713283,0.7469512,1.2195122,4.085366
1621523713283,0.9603659,1.1128049,4.9390244
1621523713312,1.2652439,1.3414634,6.4786587
1621523713342,1.7835367,2.3018293,7.9573174
1621523713344,2.210366,2.5914636,8.612805
1621523713372,2.804878,2.210366,9.10061
1621523713432,3.3689024,2.179878,10.6402445
1621523713433,4.1920733,1.9664634,13.460366
1621523713435,5.1067076,2.0731707,15.777439
1621523713462,5.472561,1.3262196,16.981709
1621523713462,5.152439,-0.5487805,17.439024
1621523713492,3.445122,-1.9817073,16.920732
1621523713523,-0.44207317,-4.085366,18.765244
1621523713523,-15.6402445,-1.4481708,31.920732
1621523713552,-48.85671,1.9512196,50.47256
1621523713582,-93.85671,-35.97561,62.118904
1621523713584,-162.0427,-68.810974,88.064026
1621523713613,-245.88416,-76.34147,115.79269
1621523713642,-314.05487,-117.576225,134.35976
1621523713643,-432.69818,-131.28049,166.78354
1621523713672,-485.80795,-140.28964,221.23476
1621523713703,-365.94513,-128.2317,275.71646
1621523713703,-163.58232,-87.59147,277.75916
1621523713733,-25.884148,-92.04269,228.46037
1621523713762,-34.84756,40.365856,194.69513
1621523713762,129.60367,-6.432927,125.64024
1621523713791,241.60062,-37.2561,32.210365
1621523713823,177.83537,41.539635,-19.435976
1621523713824,131.66159,39.466465,-77.118904
1621523713852,120.32012,14.557927,-145.19818
1621523713882,126.50915,7.5762196,-197.8811
1621523713883,142.83537,17.210367,-226.70732
1621523713913,172.6067,18.323172,-237.72867
1621523713942,210.53354,11.036586,-235.67073
1621523713944,248.2622,-0.7621951,-225.3811
1621523713973,270.15244,-7.865854,-215.44208
1621523714003,261.61584,-17.286585,-222.0427
1621523714003,226.81403,-14.908537,-247.2561
1621523714032,177.05794,-20.609756,-290.96036
1621523714062,129.35976,-70.39634,-296.3872
1621523714062,51.78354,0.41158536,-170.92989
1621523714092,-25.213415,97.926834,10.853659
1621523714123,-188.32318,137.08842,139.45122
1621523714123,-275.2134,263.70428,146.49391
1621523714153,-194.2683,140.39635,168.93294
1621523714182,139.0244,-355.80792,123.27744
1621523714184,45.442074,19.557928,28.871952
1621523714212,-7.3475614,33.612804,10.304878
1621523714242,19.984756,-27.469513,-10.091464
1621523714243,8.445122,27.073172,9.466464
1621523714272,9.237805,20.411587,11.996951
1621523714302,8.628049,7.3475614,2.9725611
1621523714304,5.655488,7.012195,8.612805
1621523714333,2.957317,5.762195,8.170732
1621523714363,1.4634147,4.527439,7.4542685
1621523714363,1.1737806,1.6463414,7.271342
1621523714393,1.4786586,-1.417683,7.530488
1621523714424,1.7530488,-1.9359757,8.170732
1621523714425,0.9756098,-2.1493902,7.378049
1621523714452,0.19817074,-3.0182927,5.9451222
1621523714482,-0.09146342,-2.5914636,6.3719516
1621523714482,0.24390244,-1.097561,7.393293
1621523714511,1.0670732,1.2042683,8.246951
1621523714542,1.9817073,3.5670733,8.506098
1621523714543,1.7987806,4.908537,8.368902
1621523714573,0.8231707,4.6951222,8.521341
1621523714602,0.91463417,5.045732,9.771341
1621523714602,1.5243902,6.783537,11.570122
1621523714633,0.94512194,6.7073174,12.271341
1621523714661,0.39634147,5.503049,12.667684
1621523714662,0.15243903,4.8170733,14.359756
1621523714691,-0.92987806,3.277439,16.112804
1621523714722,-4.131098,0.5030488,17.530489
1621523714723,-9.878049,-2.2408538,19.649391
1621523714752,-23.155489,-7.5914636,23.932928
1621523714782,-36.44817,-10.167684,37.088417
1621523714784,-54.923782,-31.09756,63.719513
1621523714812,-110.625,-40.762196,97.07317
1621523714842,-156.23476,-63.39939,102.51524
1621523714842,-220.59451,-75.18293,135.59451
1621523714873,-308.125,-66.55488,185.60976
1621523714902,-398.2622,-33.993904,248.96342
1621523714905,-376.1738,-15.0152445,303.24695
1621523714933,-230.06097,-1.570122,325.57928
1621523714962,-89.78659,41.082317,306.4939
1621523714962,-78.71951,88.61281,217.56097
1621523714992,-60.365856,61.57012,66.585365
1621523715023,102.91159,-33.07927,-90.564026
1621523715024,70.1372,61.890244,-138.90244
1621523715053,25.411587,93.79573,-136.25
1621523715082,42.850613,45.198174,-153.90244
1621523715112,89.131096,9.359756,-179.29878
1621523715112,128.36891,20.625,-194.17683
1621523715143,159.45122,39.60366,-197.8811
1621523715143,188.65854,30.07622,-196.85976
1621523715173,212.83537,2.012195,-194.81708
1621523715203,223.73476,-23.59756,-193.125
1621523715232,217.85062,-37.317074,-194.63416
1621523715233,199.17683,-45.0,-206.3872
1621523715261,170.5183,-37.134148,-231.66159
1621523715291,142.28659,-21.75305,-264.48172
1621523715292,127.51524,-11.920732,-289.9695
1621523715321,113.73476,16.95122,-273.27744
1621523715352,91.47866,69.81708,-167.17989
1621523715354,64.55793,81.08232,-9.908537
1621523715383,17.743902,10.853659,75.53354
1621523715412,-118.597565,-63.064026,83.414635
1621523715414,-364.22256,187.83537,27.957317
1621523715443,-345.39636,116.73781,160.83842
1621523715472,6.9664636,-178.20122,226.58537
1621523715474,1.6463414,151.75305,86.70732
1621523715502,-1.0823171,27.621952,-0.73170733
1621523715532,16.996952,-26.356709,-7.3018293
1621523715534,1.6310976,27.22561,8.490854
1621523715563,3.765244,12.134147,9.984756
1621523715594,3.0792685,2.6067073,5.609756
1621523715594,1.9207318,3.0182927,9.756098
1621523715622,1.3567073,7.5914636,12.347561
1621523715652,-0.04573171,8.780488,10.198171
1621523715652,-1.3719512,6.3414636,8.82622
1621523715682,-1.5243902,4.4664636,7.545732
1621523715712,-0.6859756,4.8170733,8.1402445
1621523715712,-0.21341464,5.304878,8.170732
1621523715742,0.15243903,5.1067076,8.003049
1621523715772,0.94512194,4.9390244,8.871951
1621523715772,1.4481708,5.015244,9.862805
1621523715803,1.7835367,5.2591467,10.655488
1621523715832,1.6768293,6.8292685,11.920732
1621523715833,2.0884147,7.256098,13.246951
1621523715862,3.3689024,5.7469516,14.176829
1621523715891,4.5884147,4.237805,16.158537
1621523715892,2.8658538,3.7042685,19.192074
1621523715921,-3.1707318,6.6615853,24.542683
1621523715952,-10.853659,8.368902,29.512196
1621523715952,-26.707317,4.664634,36.25
1621523715981,-55.625,1.8902439,48.368904
1621523716011,-95.73171,-17.92683,66.89024
1621523716012,-158.58232,-61.265244,94.78659
1621523716042,-270.32013,-94.618904,128.125
1621523716071,-411.43292,-125.77744,178.84146
1621523716072,-499.49695,-115.89939,251.72256
1621523716101,-492.48477,-80.564026,323.62805
1621523716131,-321.06708,-27.560976,346.25
1621523716132,-95.41159,-40.518295,294.57318
1621523716161,27.743902,-7.1951222,156.28049
1621523716193,63.75,110.625,13.582317
1621523716193,237.62196,59.512196,-95.57927
1621523716221,159.67989,111.40244,-112.22561
1621523716251,125.243904,61.75305,-121.69208
1621523716251,157.68294,-3.460366,-173.09451
1621523716281,180.7927,-2.4237804,-213.59756
1621523716311,188.70427,21.05183,-230.8994
1621523716312,209.10062,7.5762196,-238.07927
1621523716342,232.1494,-18.414635,-236.79878
1621523716371,247.7744,-36.98171,-232.28659
1621523716372,250.19818,-44.95427,-230.54878
1621523716401,234.58842,-34.84756,-236.06708
1621523716431,192.02745,-5.030488,-258.9177
1621523716432,144.49695,15.564025,-289.2988
1621523716461,121.585365,-4.375,-300.18292
1621523716491,93.79573,34.771343,-228.32318
1621523716492,64.69512,59.939026,-79.176834
1621523716521,18.460367,0.6097561,46.173782
1621523716581,-140.06097,-64.314026,105.57927
1621523716584,-369.77136,254.61891,82.347565
1621523716584,-326.1738,67.789635,97.789635
1621523716612,126.21951,-157.92683,131.02135
1621523716613,-2.4695122,75.94512,0.71646345
1621523716641,-1.1585366,-11.646341,-6.3262196
1621523716670,8.902439,-4.8018293,-7.7439027
1621523716672,2.8658538,27.560976,8.384147
1621523716701,6.554878,4.1768293,3.2469513
1621523716731,5.0609756,1.3871951,3.0945122
1621523716732,4.390244,5.030488,9.054878
1621523716761,1.2347561,4.710366,8.125
1621523716792,-1.2957318,2.515244,6.128049
1621523716792,-2.210366,0.83841467,5.0609756
1621523716821,-2.4085367,-0.19817074,4.283537
1621523716851,-2.515244,-0.99085367,2.8963416
1621523716852,-2.2865853,-0.92987806,1.9054879
1621523716881,-1.1585366,0.24390244,2.6067073
1621523716910,-0.5335366,2.1189024,3.6432927
1621523716912,0.10670732,3.5060976,4.4664636
1621523716941,0.94512194,4.527439,6.021342
1621523716971,1.7682927,5.7317076,7.9573174
1621523716972,2.317073,5.670732,9.314025
1621523717002,3.5975611,4.9390244,11.920732
1621523717031,5.0609756,3.5975611,14.557927
1621523717032,4.771342,0.65548784,14.969513
1621523717060,3.4146342,-2.820122,14.588415
1621523717090,1.5853659,-6.417683,13.978659
1621523717092,-1.7682927,-8.079268,16.082317
1621523717121,-9.862805,-5.4115853,25.091463
1621523717151,-28.445122,-10.70122,36.98171
1621523717152,-85.03049,-31.890245,54.542683
1621523717181,-151.41768,-66.61585,78.62805
1621523717210,-224.31403,-92.439026,108.29269
1621523717214,-296.11282,-118.70427,116.539635
1621523717241,-385.64026,-162.5,120.472565
1621523717271,-443.58234,-168.26219,161.02135
1621523717272,-363.125,-155.7317,203.21646
1621523717301,-191.55489,-82.02744,223.47562
1621523717332,-71.875,-39.893295,211.69208
1621523717332,-87.68293,34.10061,174.67989
1621523717361,7.012195,51.90549,124.96951
1621523717391,159.84756,13.612805,55.823174
1621523717421,150.48781,89.34451,15.457317
1621523717422,121.493904,126.60062,-15.564025
1621523717450,102.10366,140.03049,-56.021343
1621523717480,100.121956,146.75305,-101.46342
1621523717482,115.97561,143.90244,-138.36891
1621523717511,141.85976,141.29573,-157.7744
1621523717541,173.32318,145.85367,-163.99391
1621523717542,201.55489,146.53964,-161.3567
1621523717571,212.68294,144.43597,-165.65549
1621523717601,187.2561,148.53659,-199.03964
1621523717603,130.3811,155.06097,-266.02136
1621523717662,60.47256,160.83842,-343.07928
1621523717662,-3.277439,141.92073,-390.39636
1621523717663,-43.841465,91.3872,-387.0427
1621523717691,-58.23171,-31.905489,-324.42075
1621523717781,-60.990856,-151.15854,-161.03659
1621523717783,-65.03049,-268.39938,-6.8597565
1621523717784,-15.54878,117.07317,-19.405489
1621523717902,188.59756,-91.84451,-34.817074
1621523717991,-10.335366,-87.68293,-72.210365
1621523718081,-81.996956,16.09756,-50.243904
1621523718082,-5.8384147,3.7042685,-0.10670732
1621523718085,5.792683,10.807927,20.35061
1621523718085,4.420732,6.4481707,9.557927
1621523718088,3.2469513,8.734756,1.7073171
1621523718088,4.557927,11.707317,4.1768293
1621523718112,2.9115853,9.466464,1.0518293
1621523718112,1.3414634,6.5091467,-1.8902439
1621523718112,-0.21341464,3.948171,-4.4359756
1621523718115,-1.4481708,3.582317,-6.554878
1621523718117,-1.4786586,0.79268295,-1.5396342
1621523718118,-1.1128049,0.076219514,-0.5487805
1621523718141,-0.8231707,0.47256097,-0.06097561
1621523718171,-0.5792683,-0.06097561,0.77743906
1621523718201,-0.625,-0.6097561,1.2195122
1621523718202,-1.0670732,-2.7743902,0.5335366
1621523718232,-1.8902439,-5.152439,0.076219514
1621523718262,-2.7134147,-0.7012195,-0.09146342
1621523718262,-2.3475611,0.41158536,-3.8567073
1621523718293,-3.3993902,0.73170733,-4.6036587
1621523718322,-2.378049,-2.362805,-3.3536587
1621523718323,-1.6920732,-4.8323174,-2.835366
1621523718382,-1.7530488,-5.4420733,-2.057927
1621523718383,-2.1341465,-4.9237804,-2.4390244
1621523718383,-3.0792685,-2.0884147,-2.9115853
1621523718413,-3.0335367,-1.3414634,-3.5213416
1621523718442,-1.097561,-4.878049,-4.222561
1621523718444,-0.8993903,-5.4573174,-3.2317073
1621523718472,-0.85365856,-4.4359756,-1.7835367
1621523718502,-0.7621951,-3.1859758,-0.8993903
1621523718504,-0.7469512,-2.378049,-0.88414633
1621523718533,-0.6707317,-1.6768293,-0.9603659
1621523718562,-0.6097561,-0.24390244,-0.12195122
1621523718565,-0.22865854,0.09146342,1.3414634
1621523718593,-0.19817074,0.47256097,2.2713416
1621523718622,-0.28963414,0.7469512,1.7835367
1621523718624,-0.32012194,1.2957318,1.1432927
1621523718653,-0.5792683,1.9664634,1.7378049
1621523718684,-1.0213414,1.9512196,2.987805
1621523718684,-1.417683,0.99085367,3.1859758
1621523718712,-1.8140244,0.88414633,3.140244
1621523718742,-2.7286587,1.3262196,3.3536587
1621523718742,-3.9786587,1.2652439,3.7042685
1621523718773,-4.771342,-0.6402439,3.6890244
1621523718802,-3.8414636,-3.628049,2.820122
1621523718802,-3.932927,-4.268293,2.2713416
1621523718834,-4.375,-4.0701222,2.2256098
1621523718863,-4.039634,-3.1554878,2.682927
1621523718892,-2.698171,-2.012195,2.9268293
1621523718894,-1.8445122,-1.4786586,3.1097562
1621523718922,-1.5548781,-1.3871951,3.2469513
1621523718923,-1.9359757,-1.6615855,3.5975611
1621523718951,-3.460366,-2.4542685,4.72561
1621523718982,-5.1067076,-3.277439,6.905488
1621523718982,-5.625,-3.887195,7.7591467
1621523719013,-6.112805,-4.2073174,7.804878
1621523719043,-6.3719516,-4.420732,7.393293
1621523719044,-6.417683,-4.3445125,6.4786587
1621523719072,-6.3414636,-4.115854,5.289634
1621523719102,-5.2286587,-3.5518293,4.375
1621523719104,-3.3993902,-2.5914636,3.0792685
1621523719133,-1.4329269,-1.5243902,1.2195122
1621523719192,0.33536586,-0.51829267,-0.6707317
1621523719193,1.9207318,0.36585367,-2.1646342
1621523719193,2.9268293,0.80792683,-3.0945122
1621523719252,3.323171,0.94512194,-3.5213416
1621523719253,3.307927,0.85365856,-3.4908538
1621523719254,2.9420733,0.71646345,-3.5518293
1621523719284,2.7896342,0.51829267,-3.582317
1621523719284,2.2408538,0.4878049,-2.637195
1621523719312,1.1432927,-0.22865854,-1.2042683
1621523719342,0.28963414,-0.91463417,-0.13719513
1621523719343,-0.24390244,-1.2652439,0.6707317
1621523719373,-0.36585367,-1.25,1.4481708
1621523719402,-0.44207317,-1.1585366,1.722561
1621523719402,-0.32012194,-0.8993903,2.027439
1621523719462,-0.18292683,-0.85365856,2.5762196
1621523719493,-0.28963414,-0.8231707,2.8963416
1621523719493,-0.45731708,-0.79268295,3.003049
1621523719493,-0.39634147,-0.6859756,2.1646342
1621523719522,0.030487806,-0.35060975,0.65548784
1621523719523,0.80792683,0.16768293,-0.6859756
1621523719553,1.7682927,0.8231707,-1.4939024
1621523719583,2.2713416,1.097561,-1.9054879
1621523719612,2.1646342,1.1128049,-1.8902439
1621523719614,1.9359757,1.097561,-1.5396342
1621523719643,1.6768293,0.9603659,-0.83841467
1621523719671,1.0518293,0.5487805,-0.32012194
1621523719672,0.5487805,0.10670732,-0.36585367
1621523719701,0.32012194,0.076219514,-0.5030488
1621523719764,0.38109756,0.09146342,-0.5030488
1621523719764,0.22865854,-0.030487806,0.22865854
1621523719764,-0.32012194,-0.6707317,1.5396342
1621523719765,-0.8993903,-1.1890244,1.8292683
1621523719793,-1.4939024,-1.2804878,2.210366
1621523719821,-1.9664634,-1.4634147,3.3841465
1621523719852,-2.3932927,-1.4939024,4.4359756
1621523719852,-2.8506098,-1.25,4.664634
1621523719883,-3.0792685,-1.3567073,4.4359756
1621523719912,-3.3536587,-1.402439,4.6036587
1621523719913,-3.2164636,-1.2957318,4.420732
1621523719941,-2.4390244,-1.2957318,3.4908538
1621523719971,-1.5548781,-1.0213414,2.515244
1621523719972,-0.86890244,-0.7012195,1.7987806
1621523720003,-0.42682928,-0.41158536,1.3262196
1621523720033,0.30487806,-0.06097561,0.7012195
1621523720034,0.94512194,0.32012194,-0.10670732
1621523720093,1.4634147,0.7012195,-0.625
1621523720093,1.6615855,0.99085367,-0.5792683
1621523720094,1.5548781,0.91463417,-0.5640244
1621523720152,1.1280488,0.73170733,-0.5487805
1621523720153,0.39634147,0.51829267,-0.09146342
1621523720155,-0.27439025,0.16768293,0.6097561
1621523720183,-0.77743906,-0.10670732,1.0213414
1621523720213,-0.77743906,-0.15243903,1.1280488
1621523720215,-0.41158536,0.076219514,0.85365856
1621523720243,0.015243903,0.39634147,0.24390244
1621523720305,0.41158536,0.6859756,0.12195122
1621523720305,0.28963414,0.65548784,0.39634147
1621523720305,-0.39634147,0.25914633,0.83841467
1621523720333,-0.9603659,-0.04573171,1.2195122
1621523720363,-1.3262196,-0.35060975,1.2804878
1621523720363,-1.4939024,-0.5487805,1.1280488
1621523720392,-1.1432927,-0.27439025,0.8231707
1621523720392,-0.42682928,0.25914633,0.5487805
1621523720422,0.06097561,0.625,0.47256097
1621523720452,-0.15243903,0.5640244,0.35060975
1621523720452,-0.42682928,0.45731708,0.5640244
1621523720483,-0.4878049,0.44207317,0.5792683
1621523720512,-0.5030488,0.39634147,0.076219514
1621523720513,-0.45731708,0.44207317,-0.32012194
1621523720544,-0.27439025,0.5030488,-0.28963414
1621523720573,-0.25914633,0.38109756,-0.22865854
1621523720573,-0.47256097,0.24390244,0.076219514
1621523720603,-0.8993903,-0.04573171,0.625
1621523720633,-1.4329269,-0.30487806,1.417683
1621523720634,-2.2408538,-0.5945122,2.362805
1621523720663,-3.460366,-0.4878049,3.612805
1621523720692,-4.512195,-0.73170733,4.7865853
1621523720694,-5.7469516,-1.1737806,5.030488
1621523720723,-6.432927,-1.3719512,4.862805
1621523720752,-5.97561,-1.1128049,4.908537
1621523720754,-5.0,-1.0670732,4.8323174
1621523720784,-4.3292685,-0.6707317,4.664634
1621523720812,-4.3292685,-0.35060975,4.512195
1621523720814,-4.7865853,-0.09146342,4.771342
1621523720843,-4.664634,-0.32012194,4.862805
1621523720874,-4.6189027,-0.47256097,4.740854
1621523720874,-4.268293,-1.0213414,4.72561
1621523720902,-4.5884147,-0.5030488,4.9542685
1621523720933,-4.557927,-0.5792683,5.2134147
1621523720963,-5.27439,-0.73170733,5.609756
1621523720963,-5.9451222,-1.4329269,5.914634
1621523720992,-6.631098,-1.9664634,5.472561
1621523720992,-6.9969516,-2.637195,4.405488
1621523721053,-7.9420733,-2.7439024,4.375
1621523721053,-7.5762196,-2.3475611,2.8810976
1621523721054,-6.585366,-2.1036587,2.652439
1621523721083,-6.2042685,-1.402439,3.6890244
1621523721113,-7.042683,-0.92987806,5.030488
1621523721113,-9.740854,-2.4847562,5.2286587
1621523721170,-17.42378,-4.557927,6.387195
1621523721171,-30.167685,-8.612805,8.597561
1621523721201,-48.109756,-14.618903,13.064025
1621523721203,-70.381096,-23.765244,20.228659
1621523721261,-92.835365,-33.567074,28.67378
1621523721323,-90.35061,-38.841465,39.07012
1621523721353,-92.2561,-32.743904,59.390244
1621523721353,-111.35671,-11.32622,76.02135
1621523721357,-111.493904,46.432926,83.53659
1621523721357,-68.47561,33.368904,78.506096
1621523721358,-32.682926,-5.137195,61.15854
1621523721358,-1.6463414,-22.42378,34.893295
1621523721472,33.932926,6.158537,29.618902
1621523721473,107.6372,-14.557927,14.801829
1621523721476,135.74695,-1.7835367,2.6067073
1621523721476,139.39024,4.2987804,-4.085366
1621523721478,148.0183,-11.509147,-19.009148
1621523721478,152.45427,-19.542683,-32.042683
1621523721502,152.31708,-20.47256,-36.341465
1621523721532,152.0427,-23.780489,-32.8811
1621523721532,151.32622,-30.868902,-29.817074
1621523721562,141.60062,-33.79573,-29.237806
1621523721592,119.92378,-34.72561,-29.32927
1621523721592,91.50915,-34.923782,-27.987806
1621523721623,48.841465,-25.655489,-16.143293
1621523721652,0.5487805,-42.896343,5.335366
1621523721652,-80.27439,49.314026,25.060976
1621523721683,-151.75305,383.35367,36.509148
1621523721713,-21.05183,139.08537,41.875
1621523721713,12.14939,-2.179878,23.07927
1621523721743,1.097561,0.83841467,20.320122
1621523721773,12.408537,5.4268293,17.088415
1621523721802,20.15244,-4.9237804,4.740854
1621523721805,29.25305,-32.057926,-11.935976
1621523721833,35.73171,-13.536586,-15.0
1621523721834,19.695122,1.097561,0.030487806
1621523721893,16.067074,-5.807927,-1.2042683
1621523721922,11.067074,-6.2042685,-8.033537
1621523721926,5.960366,-4.222561,-7.5914636
1621523721927,3.1554878,-3.902439,-6.021342
1621523722072,1.4634147,-1.0213414,-4.237805
1621523722074,-0.18292683,1.4481708,-2.4542685
1621523722074,-0.8231707,1.2804878,-1.5853659
1621523722074,-1.0518293,-0.076219514,-0.79268295
1621523722103,-1.6920732,-0.41158536,-0.8231707
1621523722103,-1.9054879,-0.80792683,-1.1128049
1621523722107,-1.722561,-1.8902439,-1.4786586
1621523722108,-1.7682927,-2.012195,-1.9817073
1621523722108,-2.057927,-1.5396342,-2.057927
1621523722133,-1.9359757,-2.5304878,-2.1646342
1621523722162,-1.6006098,-3.5365853,-2.2713416
1621523722162,-1.4481708,-3.4298782,-1.4329269
1621523722193,-0.9603659,-3.292683,0.06097561
1621523722223,-0.6707317,-2.7591465,1.2042683
1621523722224,-0.5030488,-2.057927,2.1036587
1621523722253,-0.30487806,-2.027439,3.003049
1621523722282,-0.04573171,-2.835366,4.02439
1621523722284,0.5030488,-3.75,4.390244
1621523722313,0.85365856,-4.359756,4.878049
1621523722343,1.2957318,-4.6189027,6.4939027
1621523722343,1.6463414,-4.847561,8.338415
1621523722373,1.1890244,-5.609756,11.17378
1621523722402,-1.2195122,-6.905488,14.542684
1621523722404,-2.378049,-8.338415,17.271341
1621523722433,-4.283537,-10.243902,19.039635
1621523722492,-9.756098,-11.17378,20.609756
1621523722552,-20.57927,-14.634147,22.728659
1621523722553,-36.341465,-22.012196,27.774391
1621523722557,-42.164635,-32.362804,35.503048
1621523722557,-69.23781,-77.75915,59.573174
1621523722557,-187.75916,-105.472565,100.85366
1621523722557,-237.86586,-197.02745,100.868904
1621523722583,-333.20123,-256.89026,124.618904
1621523722612,-396.11282,-330.8384,166.95122
1621523722642,-342.0427,-279.84756,218.07927
1621523722643,-209.45122,-129.98476,262.4695
1621523722672,-163.55183,-70.59451,288.59756
1621523722702,-83.00305,-78.73476,246.5244
1621523722703,-28.429878,-35.57927,142.97256
1621523722731,139.10062,-35.10671,60.396343
1621523722761,205.19818,0.12195122,-2.5762196
1621523722763,160.82318,56.768295,-27.22561
1621523722793,148.82622,45.53354,-66.43293
1621523722823,176.57013,11.448171,-124.64939
1621523722824,213.09451,-7.0731707,-172.78964
1621523722852,229.66464,1.6920732,-199.28354
1621523722882,243.9177,10.35061,-211.06708
1621523722884,268.5366,12.77439,-208.93294
1621523722913,286.7988,19.87805,-192.05794
1621523722972,288.73477,30.54878,-178.30794
1621523722973,269.93903,50.045734,-185.83842
1621523722973,236.875,65.09146,-203.6433
1621523723002,191.57013,48.871952,-194.5122
1621523723004,116.90549,25.655489,-116.676834
1621523723033,-6.737805,13.033537,16.966463
1621523723064,-166.66159,67.835365,113.21647
1621523723064,-268.90244,175.35062,142.89635
1621523723093,-62.591465,-2.2256098,112.576225
1621523723124,169.17683,-159.78659,16.707317
1621523723124,-16.478659,5.487805,-13.216464
1621523723152,0.6707317,-6.128049,-3.7042685
1621523723182,6.6920733,7.5,-12.408537
1621523723182,4.10061,8.597561,0.5030488
1621523723212,1.7835367,-5.487805,-1.6310976
1621523723243,0.99085367,-6.3567076,0.30487806
1621523723243,-0.42682928,-4.405488,0.7469512
1621523723273,-2.682927,-3.75,1.0365853
1621523723302,-2.987805,-6.6615853,2.4085367
1621523723303,-3.6585367,-7.4695125,4.1920733
1621523723333,-4.847561,-4.9237804,3.887195
1621523723362,-4.222561,-4.3292685,3.2164636
1621523723362,-2.9115853,-3.140244,7.9573174
1621523723393,-2.4390244,-0.94512194,10.27439
1621523723423,-2.4542685,-0.15243903,10.152439
1621523723424,-1.7530488,0.38109756,12.14939
1621523723453,-1.5548781,1.7682927,14.588415
1621523723482,-3.0487804,1.25,15.838415
1621523723484,-6.112805,0.015243903,18.582317
1621523723513,-7.164634,-0.21341464,20.716463
1621523723543,-7.2865853,1.0670732,22.362806
1621523723543,-7.637195,2.8506098,23.70427
1621523723573,-8.185976,3.2164636,23.262196
1621523723602,-10.213415,3.7804878,23.185976
1621523723604,-15.442074,0.5487805,21.920732
1621523723633,-23.292683,-12.57622,17.743902
1621523723664,-68.96342,-26.661587,26.12805
1621523723664,-146.92073,-54.55793,45.960365
1621523723693,-193.38416,-106.875,54.115856
1621523723722,-248.0183,-131.06708,83.61281
1621523723722,-330.5183,-140.24391,127.80488
1621523723751,-401.09756,-158.35367,173.68903
1621523723781,-412.8049,-175.41159,239.2683
1621523723782,-345.2439,-148.3994,282.82013
1621523723812,-217.69818,-137.6067,293.82623
1621523723843,-74.87805,-105.41159,282.36282
1621523723843,-35.97561,-9.176829,214.43597
1621523723873,34.786587,45.960365,129.45122
1621523723902,185.1372,45.335365,30.320122
1621523723903,142.02744,141.21951,-12.682927
1621523723933,106.82927,157.42378,-45.838417
1621523723962,109.222565,124.222565,-92.05793
1621523723963,134.51219,94.23781,-130.56403
1621523723993,162.57622,100.45732,-151.40244
1621523724023,189.49695,111.23476,-158.5061
1621523724024,223.5061,93.07927,-161.05183
1621523724053,253.53659,60.914635,-162.97256
1621523724083,269.64938,29.771341,-163.71951
1621523724115,278.21646,1.2652439,-162.78964
1621523724115,277.54575,-21.082317,-165.3811
1621523724143,257.34756,-39.84756,-185.56403
1621523724172,215.67073,-42.423782,-221.29573
1621523724172,171.85976,-47.987804,-259.07013
1621523724202,135.13719,-68.689026,-272.33234
1621523724232,87.24085,-41.98171,-194.07013
1621523724232,16.478659,23.140244,-8.932927
1621523724263,-102.19512,48.673782,135.70122
1621523724292,-293.65854,228.85672,159.40549
1621523724292,-35.914635,-54.588417,112.621956
1621523724322,125.89939,-100.88415,47.713417
1621523724353,-50.457317,63.018295,-6.875
1621523724353,-10.503049,-32.439026,-5.396342
1621523724383,-3.0792685,14.435976,0.86890244
1621523724412,-0.076219514,26.768293,16.585365
1621523724415,-2.820122,3.7957318,2.8658538
1621523724441,-3.003049,2.7743902,4.634146
1621523724471,-2.210366,2.3475611,4.679878
1621523724473,-2.5304878,1.1432927,3.9786587
1621523724501,-1.2042683,-1.3871951,6.7225614
1621523724530,-1.6768293,-2.835366,5.807927
1621523724532,-2.332317,-4.115854,3.1097562
1621523724561,-3.0335367,-3.8414636,0.8993903
1621523724591,-2.2865853,-4.2987804,1.097561
1621523724592,-0.6097561,-3.7347562,3.902439
1621523724621,0.030487806,-1.6920732,5.2134147
1621523724652,-0.19817074,-0.88414633,4.512195
1621523724652,0.7469512,-0.91463417,5.97561
1621523724681,1.9664634,-0.4878049,7.8353662
1621523724714,2.5914636,-0.22865854,8.887196
1621523724714,2.9420733,-0.86890244,9.695122
1621523724742,3.445122,-1.9817073,11.539635
1621523724772,2.9115853,-3.4908538,13.810976
1621523724773,2.317073,-6.3567076,17.820122
1621523724802,1.0823171,-9.634147,21.981709
1621523724832,-2.5,-12.957317,25.0
1621523724832,-18.856709,-16.371952,33.27744
1621523724863,-45.564026,-25.289635,40.868904
1621523724892,-108.460365,-35.030487,60.868904
1621523724893,-176.90549,-43.612804,96.20427
1621523724922,-222.30183,-76.493904,118.201225
1621523724952,-282.54575,-121.06708,122.98781
1621523724952,-304.93903,-161.29573,175.60976
1621523724981,-394.07013,-71.75305,251.43294
1621523725011,-327.07318,-77.881096,298.9634
1621523725013,-207.40854,-72.301834,332.40854
1621523725043,-58.59756,-49.634148,296.4939
1621523725072,-134.19208,103.246956,242.80489
1621523725074,-59.80183,62.10366,97.51524
1621523725103,117.42378,-26.75305,-65.746956
1621523725132,51.28049,78.14024,-91.23476
1621523725134,37.393295,91.310974,-104.7561
1621523725163,109.48171,40.07622,-145.03049
1621523725192,173.46037,18.384148,-170.99086
1621523725194,209.40549,26.585367,-183.84146
1621523725223,240.99086,25.823172,-196.60062
1621523725254,265.50305,15.762196,-204.14635
1621523725254,282.8811,5.304878,-207.6677
1621523725283,287.98782,8.033537,-208.76524
1621523725315,279.81708,23.125,-216.92073
1621523725315,256.40244,39.298782,-242.75916
1621523725342,233.5061,24.695122,-275.77744
1621523725372,210.09146,-13.521341,-278.97867
1621523725372,128.07927,-30.137196,-191.20427
1621523725401,32.012196,-18.018293,-12.240854
1621523725432,-13.368903,6.753049,92.54573
1621523725432,-85.0,-49.420734,77.393295
1621523725463,-361.23477,95.99085,66.03659
1621523725492,-371.2195,106.17378,49.100613
1621523725493,127.743904,-253.36891,151.58537
1621523725521,55.243904,-67.75915,-2.6067073
1621523725551,-7.896342,35.564026,-3.1554878
1621523725552,6.9359756,-36.128048,-16.585365
1621523725582,5.4268293,5.045732,3.140244
1621523725612,6.8597565,-16.463415,0.79268295
1621523725613,3.8719513,-6.8597565,5.137195
1621523725643,2.012195,-3.1859758,5.8231707
1621523725672,-1.2042683,4.283537,8.841464
1621523725674,-1.9054879,6.3109756,12.22561
1621523725703,-1.9054879,2.2256098,10.945122
1621523725732,-2.7591465,0.10670732,7.7286587
1621523725734,-2.804878,-0.77743906,6.5091467
1621523725763,-2.2256098,-2.2865853,6.7987804
1621523725792,-1.2042683,-1.1432927,8.216464
1621523725794,-0.42682928,1.0213414,9.054878
1621523725823,-0.13719513,2.362805,9.878049
1621523725854,1.9054879,3.2012196,12.606708
1621523725854,3.3536587,2.957317,14.4207325
1621523725883,4.1615853,-0.030487806,15.823171
1621523725915,2.637195,2.4847562,19.039635
1621523725915,2.7439024,3.5213416,21.75305
1621523725942,1.0060976,4.0701222,22.896341
1621523725972,-2.2713416,1.0670732,24.085367
1621523725973,-9.634147,-6.8140244,27.286587
1621523726002,-23.384148,-20.0,36.67683
1621523726032,-59.60366,-23.963415,51.417683
1621523726032,-118.56708,-40.289635,57.82012
1621523726063,-195.24391,-60.487804,82.77439
1621523726093,-259.95428,-98.15549,114.48171
1621523726093,-335.18292,-137.92683,162.46951
1621523726121,-427.8811,-134.43597,228.3994
1621523726151,-431.2195,-106.951225,279.93903
1621523726152,-284.52744,-95.53354,325.36588
1621523726181,-150.88416,-14.771342,362.97256
1621523726212,-45.30488,-1.3262196,386.37195
1621523726213,-44.48171,71.96647,287.13416
1621523726244,174.80183,-2.8963416,94.375
1621523726273,212.24086,54.725613,-22.271341
1621523726303,104.55793,134.14635,-44.771343
1621523726303,74.14634,76.73781,-79.20732
1621523726332,97.07317,26.935976,-123.8872
1621523726362,125.472565,27.728659,-155.06097
1621523726363,156.47867,44.95427,-175.88416
1621523726392,196.15854,39.085365,-191.3872
1621523726422,226.92073,19.95427,-196.58537
1621523726422,243.61281,-0.06097561,-193.33842
1621523726453,254.40549,-19.557928,-191.40245
1621523726482,264.20734,-39.32927,-193.44513
1621523726482,266.57013,-45.77744,-197.27135
1621523726544,250.41159,-30.213415,-208.18597
1621523726544,210.94513,-8.170732,-227.68294
1621523726545,161.58537,0.13719513,-247.36281
1621523726573,126.493904,-1.3567073,-234.23781
1621523726603,84.63415,24.17683,-154.10062
1621523726604,39.52744,12.332317,-30.228659
1621523726662,-41.707317,-29.603659,75.50305
1621523726663,-201.70732,31.006098,113.826225
1621523726665,-337.65244,-22.85061,93.84147
1621523726693,1.402439,-248.46037,140.76219
1621523726722,81.097565,-10.884147,11.661586
1621523726724,-49.466465,58.841465,-12.484756
1621523726753,11.935976,-24.085367,-19.786587
1621523726782,-2.2256098,35.47256,-1.9207318
1621523726784,-6.554878,43.155487,22.698172
1621523726813,-2.317073,16.265244,9.603659
1621523726842,-3.4146342,15.137196,8.551829
1621523726842,-4.3445125,16.32622,10.945122
1621523726873,-4.115854,15.472561,14.954268
1621523726904,-4.0701222,10.670732,13.856708
1621523726904,-4.2987804,7.4847565,11.493903
1621523726932,-4.5731707,8.414635,10.335366
1621523726963,-4.6189027,7.652439,9.481708
1621523726963,-4.1768293,6.783537,10.868903
1621523726992,-3.3384147,6.768293,11.082317
1621523727022,-2.9725611,7.637195,9.72561
1621523727022,-2.5762196,7.9115853,9.679878
1621523727054,-2.057927,8.82622,12.271341
1621523727082,-2.0731707,9.29878,14.10061
1621523727082,-2.682927,8.795732,14.115854
1621523727113,-1.4481708,5.3201222,15.884147
1621523727143,0.12195122,1.9359757,19.054878
1621523727143,1.9359757,-3.2164636,21.20427
1621523727173,-0.51829267,-7.6219516,26.768293
1621523727203,-12.454268,-9.405488,40.97561
1621523727204,-27.560976,-8.033537,56.935978
1621523727233,-56.036587,-5.381098,64.801834
1621523727262,-99.74085,-23.643293,71.47866
1621523727264,-134.71037,-65.82317,102.68293
1621523727293,-181.09756,-97.91159,130.13719
1621523727322,-225.83842,-121.097565,155.45732
1621523727324,-320.94513,-98.018295,220.1677
1621523727353,-383.10977,-45.70122,270.92987
1621523727382,-327.17987,-39.7561,317.5305
1621523727384,-212.74391,-44.039635,330.0305
1621523727413,-66.70732,-33.765244,302.0884
1621523727443,-106.951225,122.36281,236.85976
1621523727443,-35.365856,123.597565,78.09451
1621523727473,143.33842,-12.942074,-62.8811
1621523727504,73.47561,78.07927,-78.67378
1621523727504,54.45122,78.643295,-93.689026
1621523727532,105.121956,43.689026,-133.30792
1621523727562,158.33842,30.609756,-164.20732
1621523727562,191.81403,32.789635,-185.42683
1621523727591,215.06097,31.631098,-201.95122
1621523727622,234.8933,21.844513,-212.69818
1621523727622,245.03049,7.77439,-218.79573
1621523727653,248.71951,-9.420732,-222.0427
1621523727681,246.28049,-14.45122,-223.97867
1621523727681,229.0244,-2.3932927,-231.05183
1621523727714,196.0061,11.006098,-252.83537
1621523727743,158.87195,15.487805,-281.43292
1621523727743,145.03049,9.832317,-292.17987
1621523727773,132.80489,32.286587,-242.33232
1621523727803,-1.5396342,41.09756,-47.560978
1621523727804,-158.8567,141.43294,140.36586
1621523727834,-186.49391,22.042683,143.36891
1621523727862,-63.15549,-33.521343,-56.265244
1621523727864,-42.911587,68.58232,-42.591465
1621523727893,-119.60366,37.286587,-15.091464
1621523727922,25.411587,-10.457317,-10.167684
1621523727924,16.417683,35.457317,-4.557927
1621523727954,1.2042683,33.07927,11.295732
1621523727982,1.6768293,8.536586,-7.3018293
1621523727984,-1.1585366,8.262196,-5.2439027
1621523728013,-1.2804878,4.420732,-2.8506098
1621523728043,-4.9390244,0.85365856,-4.512195
1621523728043,-5.8689027,-0.15243903,-1.6615855
1621523728073,-6.6615853,-0.15243903,-0.22865854
1621523728103,-7.7439027,0.15243903,-1.1737806
1621523728103,-8.490854,-0.33536586,-2.8963416
1621523728132,-7.804878,-1.8292683,-3.5213416
1621523728162,-6.006098,-1.6463414,-1.3262196
1621523728162,-4.862805,0.22865854,-0.030487806
1621523728222,-4.2073174,1.4634147,0.19817074
1621523728223,-3.262195,2.682927,1.7987806
1621523728224,-2.5609756,4.496951,3.5670733
1621523728253,-2.4390244,4.496951,4.237805
1621523728282,-2.4542685,3.5213416,4.847561
1621523728282,-2.378049,3.0487804,5.914634
1621523728313,-2.5762196,2.3018293,7.4542685
1621523728343,-3.1097562,1.0823171,9.801829
1621523728343,-4.039634,-0.9603659,12.408537
1621523728373,-6.0518293,-3.5365853,16.295732
1621523728403,-7.6219516,-6.783537,19.771341
1621523728404,-12.667684,-12.195122,23.780489
1621523728433,-29.832317,-17.957317,37.911587
1621523728462,-53.384148,-29.862806,58.384148
1621523728464,-83.29269,-56.43293,64.40549
1621523728493,-145.41159,-104.77135,84.847565
1621523728522,-235.99086,-157.74391,119.268295
1621523728552,-295.99088,-188.14024,135.68597
1621523728553,-387.59146,-198.10976,182.48476
1621523728583,-354.80185,-170.97562,245.32013
1621523728612,-359.84756,-22.545732,350.67075
1621523728614,-339.7561,-104.52744,296.2195
1621523728643,-180.80794,-57.82012,255.7622
1621523728672,-50.625,-5.396342,202.80489
1621523728672,-48.07927,97.789635,121.996956
1621523728702,126.82927,11.646341,44.02439
1621523728732,187.91159,11.722561,4.237805
1621523728732,139.29878,67.95732,3.0945122
1621523728762,145.39635,47.759148,-46.310978
1621523728792,171.38719,14.893293,-113.52135
1621523728795,182.6677,12.073171,-160.7927
1621523728823,195.54878,21.432928,-195.94513
1621523728853,213.81097,21.79878,-217.11891
1621523728854,229.92378,11.966464,-221.69208
1621523728883,241.09756,-1.875,-216.15854
1621523728913,248.21648,-10.564025,-206.28049
1621523728913,247.36281,-13.963415,-206.37196
1621523728943,237.68294,-13.902439,-221.3872
1621523728972,221.3872,-20.518293,-239.2683
1621523728974,203.97867,-44.039635,-235.07622
1621523729003,168.70427,-62.698174,-177.07318
1621523729034,107.46951,-59.039635,-51.844513
1621523729034,39.64939,-15.503049,74.618904
1621523729063,-112.28659,49.192074,136.82927
1621523729094,-373.3384,311.4177,59.435978
1621523729094,-189.32927,171.08232,164.1311
1621523729122,121.21951,-45.213417,151.89024
1621523729152,-30.838415,45.762196,-19.679878
1621523729152,31.585367,-16.036585,19.10061
1621523729181,9.786586,7.1189027,-1.2652439
1621523729212,-5.335366,29.390245,4.6036587
1621523729212,4.756098,1.9054879,0.80792683
1621523729243,1.8902439,4.9237804,3.4908538
1621523729272,-0.88414633,6.2195125,2.5609756
1621523729272,-2.3018293,5.89939,2.195122
1621523729302,-3.125,3.140244,3.5213416
1621523729332,-3.9786587,-3.3536587,0.030487806
1621523729332,-5.0762196,-4.0701222,-0.6707317
1621523729362,-5.4268293,-0.5945122,2.1493902
1621523729391,-4.557927,0.65548784,4.4817076
1621523729393,-3.7804878,1.7987806,5.5640244
1621523729421,-2.9268293,3.5975611,6.753049
1621523729450,-1.9054879,4.4664636,7.85061
1621523729452,-0.94512194,4.5884147,10.487805
1621523729483,-0.25914633,3.7957318,12.911586
1621523729513,0.12195122,2.4390244,14.070123
1621523729513,0.85365856,0.12195122,15.182927
1621523729542,0.35060975,-0.7012195,16.82927
1621523729572,-1.0060976,-1.2804878,20.442074
1621523729574,-2.7286587,-2.7896342,24.84756
1621523729603,-5.2439027,-5.8384147,29.10061
1621523729634,-10.228659,-9.192074,27.865854
1621523729634,-23.414635,-15.518293,30.304878
1621523729663,-56.387196,-12.606708,52.10366
1621523729692,-78.47561,-35.868904,56.75305
1621523729692,-139.63416,-64.46646,91.78354
1621523729722,-211.95122,-96.61585,118.44512
1621523729752,-313.9634,-137.02744,148.94818
1621523729752,-428.56708,-195.65549,202.92683
1621523729782,-402.69818,-199.42073,254.28354
1621523729812,-237.6372,-21.448172,318.125
1621523729812,-92.02744,88.04878,320.35062
1621523729843,-152.71342,134.69513,278.42987
1621523729872,-175.91464,152.08842,173.14024
1621523729872,78.689026,-13.094513,3.0640244
1621523729902,129.00916,20.868902,-85.746956
1621523729933,58.323174,107.98781,-86.89024
1621523729933,52.80488,88.39939,-100.85366
1621523729964,92.0122,52.439026,-130.77744
1621523729993,131.12805,44.60366,-153.32318
1621523729994,160.8994,48.048782,-167.45427
1621523730023,191.79878,35.15244,-178.81097
1621523730052,217.21037,13.7957325,-184.16159
1621523730054,229.29878,-7.7134147,-184.6494
1621523730083,234.67989,-34.48171,-183.61281
1621523730113,235.47256,-54.45122,-181.03659
1621523730113,225.35062,-50.640244,-181.61586
1621523730143,204.11586,-35.670734,-188.67378
1621523730172,174.23781,-24.573172,-205.28964
1621523730174,137.94208,-10.106708,-215.82318
1621523730203,106.585365,7.4390244,-192.51524
1621523730234,75.85366,29.786587,-120.53354
1621523730234,39.878048,32.92683,-23.62805
1621523730263,-12.5152445,2.195122,54.45122
1621523730294,-170.48781,65.94512,97.66769
1621523730295,-246.6311,250.2744,94.28354
1621523730322,-76.03659,35.914635,91.60061
1621523730352,53.064026,-92.2561,46.57012
1621523730352,-43.871952,-20.50305,-37.02744
1621523730381,-63.262196,-59.862804,-31.310976
1621523730413,-5.8841467,14.115854,-0.5945122
1621523730413,-3.8414636,35.259148,10.746951
1621523730443,-3.5365853,19.679878,10.091464
1621523730472,-3.9176831,16.40244,12.911586
1621523730472,-3.5975611,10.6402445,9.756098
1621523730504,-4.4664636,7.515244,4.542683
1621523730533,-4.3292685,3.9939024,4.64939
1621523730533,-4.359756,0.7621951,4.72561
1621523730563,-4.9695125,-0.51829267,3.948171
1621523730593,-5.8841467,-1.5243902,1.9969512
1621523730594,-5.9451222,-2.2865853,1.2957318
1621523730623,-4.893293,-1.7530488,3.5518293
1621523730652,-3.5975611,1.1737806,6.2042685
1621523730654,-3.125,3.628049,7.5609756
1621523730683,-2.5609756,4.740854,8.704268
1621523730713,-1.6768293,5.2286587,10.304878
1621523730743,-0.6859756,6.417683,11.615854
1621523730743,-0.41158536,5.7164636,11.859756
1621523730773,-0.5487805,4.4512196,12.134147
1621523730803,-0.45731708,3.1097562,13.841464
1621523730803,-0.28963414,0.7012195,16.371952
1621523730833,-0.18292683,-4.1768293,17.530489
1621523730862,-0.30487806,-12.134147,16.60061
1621523730863,-6.753049,-22.012196,18.67378
1621523730893,-25.198172,-32.134148,37.17988
1621523730923,-54.25305,-37.60671,65.94512
1621523730923,-106.21951,-29.237806,92.80488
1621523730953,-160.28964,-61.844513,101.722565
1621523730983,-235.47256,-96.189026,121.20427
1621523730983,-333.81097,-126.539635,158.06403
1621523731013,-432.34756,-127.972565,208.87196
1621523731042,-433.6738,-155.30489,261.7683
1621523731044,-315.5183,-79.939026,320.47256
1621523731073,-34.939026,-44.771343,352.57623
1621523731102,-23.155489,-25.228659,303.41464
1621523731104,-130.21342,79.05488,174.72562
1621523731133,108.414635,-42.560978,-15.685976
1621523731162,92.393295,7.1341467,-91.935974
1621523731164,38.90244,43.42988,-110.53354
1621523731193,86.3872,9.039635,-155.96037
1621523731224,151.3567,-6.737805,-194.25305
1621523731224,190.96037,9.009147,-216.49391
1621523731253,220.85367,15.579268,-231.25
1621523731282,250.99086,11.783537,-235.83842
1621523731283,273.9634,13.231708,-227.7744
1621523731311,289.00916,20.823172,-209.78659
1621523731341,290.60977,39.832317,-196.70732
1621523731343,277.21036,57.515244,-206.875
1621523731372,248.15549,43.003048,-237.80489
1621523731403,216.70732,-20.091463,-257.75916
1621523731404,160.35062,-52.621952,-220.96037
1621523731434,73.94817,-24.420732,-75.914635
1621523731462,-37.378048,30.853659,102.82012
1621523731462,-259.66464,182.5,158.125
1621523731492,-359.2683,167.53049,114.618904
1621523731522,3.7804878,-143.38416,39.420734
1621523731522,-17.332317,88.414635,-4.405488
1621523731551,19.435976,-31.95122,-14.405488
1621523731582,8.353659,-5.8689027,-11.570122
1621523731585,-0.36585367,22.865854,5.792683
1621523731613,1.6615855,-5.4268293,-6.3109756
1621523731642,0.32012194,-1.7682927,-0.94512194
1621523731644,0.7012195,0.45731708,0.28963414
1621523731673,-1.8597561,3.628049,1.9054879
1621523731702,-2.7439024,3.1707318,3.902439
1621523731704,-3.1707318,0.19817074,2.987805
1621523731733,-4.054878,-0.6402439,1.7073171
1621523731762,-5.27439,1.2652439,2.652439
1621523731764,-3.8414636,1.1890244,4.4512196
1621523731793,-2.9268293,2.195122,5.4115853
1621523731824,-2.5304878,5.015244,6.3719516
1621523731824,-1.3567073,5.97561,7.3018293
1621523731853,0.33536586,7.0731707,9.969512
1621523731884,1.6463414,10.487805,14.146341
1621523731884,2.698171,12.5152445,16.631098
1621523731913,3.5518293,11.920732,17.621952
1621523731942,4.085366,9.268292,16.859756
1621523731942,4.847561,8.414635,17.408537
1621523731972,5.289634,9.253049,20.045732
1621523732003,5.2286587,10.0,23.246952
1621523732003,4.1920733,7.2865853,24.283537
1621523732034,2.012195,0.625,23.734756
1621523732062,-1.9969512,-5.152439,23.414635
1621523732062,-8.064025,-6.5091467,27.469513
1621523732092,-23.841463,-16.143293,33.47561
1621523732122,-79.07012,-30.289635,48.62805
1621523732122,-130.15244,-65.71646,64.664635
1621523732153,-196.02135,-109.63415,75.7622
1621523732183,-295.8384,-134.42073,91.15854
1621523732185,-356.35672,-143.6433,120.92988
1621523732213,-366.5549,-178.78049,161.23476
1621523732242,-288.5061,-111.82927,239.375
1621523732244,-175.07622,-23.810976,315.97562
1621523732273,-152.01219,-99.55793,315.8689
1621523732302,-110.15244,-50.914635,323.07928
1621523732304,-69.46647,25.960367,259.20734
1621523732334,14.573171,30.54878,102.42378
1621523732362,186.08232,-4.4359756,-44.28354
1621523732364,143.6433,46.768295,-82.53049
1621523732393,101.46342,41.753048,-92.77439
1621523732422,126.6311,-9.695122,-133.125
1621523732422,164.58842,-32.317074,-175.07622
1621523732453,186.4177,-21.067074,-204.05489
1621523732483,199.22256,-17.179878,-226.03659
1621523732483,209.63416,-28.033537,-240.73172
1621523732512,221.32622,-25.655489,-243.68903
1621523732541,232.51524,-1.7378049,-232.85062
1621523732543,229.35976,28.62805,-219.31403
1621523732572,214.17683,49.085365,-220.68597
1621523732602,203.09451,46.40244,-232.21037
1621523732603,198.21646,30.42683,-226.70732
1621523732633,185.22867,27.22561,-170.94513
1621523732662,136.03659,20.457317,-42.80488
1621523732662,34.192074,0.12195122,95.01524
1621523732692,-61.341465,-50.213417,146.05183
1621523732722,-180.48781,9.862805,110.32012
1621523732722,-121.46342,286.93597,71.676834
1621523732752,37.942074,37.835365,108.201225
1621523732782,-12.530488,11.661586,8.292683
1621523732785,9.893293,-1.4634147,3.887195
1621523732812,11.814025,21.432928,10.35061
1621523732842,-0.45731708,36.55488,10.655488
1621523732844,2.2408538,15.243903,11.478659
1621523732873,-0.12195122,14.314025,8.170732
1621523732902,-1.2957318,13.490854,7.1341467
1621523732904,-3.2317073,6.006098,3.3993902
1621523732933,-4.9390244,1.9512196,4.710366
1621523732962,-6.097561,0.06097561,3.932927
1621523732993,-7.77439,-1.2804878,0.85365856
1621523732993,-8.1402445,-3.262195,1.8292683
1621523733023,-7.6067076,-3.5213416,3.0335367
1621523733052,-6.3262196,-1.1432927,4.253049
1621523733052,-5.4573174,0.9756098,5.030488
1621523733082,-4.268293,2.5762196,7.3018293
1621523733112,-3.3536587,4.634146,9.878049
1621523733112,-2.5609756,5.8689027,11.585366
1621523733141,-1.6768293,6.432927,13.628049
1621523733171,-1.570122,5.807927,15.060976
1621523733173,-1.5396342,4.405488,16.32622
1621523733203,-1.2652439,3.5670733,18.429878
1621523733232,-0.6402439,2.820122,21.448172
1621523733232,0.09146342,0.92987806,26.875
1621523733262,-4.1920733,0.8231707,39.07012
1621523733292,-18.20122,-3.5518293,57.92683
1621523733294,-38.094513,-18.70427,71.70732
1621523733323,-83.064026,-24.969513,78.58232
1621523733352,-139.83232,-44.542683,95.243904
1621523733354,-188.94818,-94.63415,130.86891
1621523733383,-225.47256,-139.57318,137.48476
1621523733413,-289.00916,-109.60366,173.20122
1621523733413,-356.31097,-105.09147,222.92683
1621523733443,-363.90244,-76.85976,282.86588
1621523733473,-256.11282,6.554878,308.14026
1621523733473,-98.32317,30.70122,303.56708
1621523733502,-130.80792,124.893295,249.7561
1621523733532,-67.85061,109.48171,131.61586
1621523733532,138.96342,-27.606709,-8.1402445
1621523733561,118.94817,32.682926,-75.472565
1621523733591,56.35671,72.926834,-91.631096
1621523733592,60.060978,43.170734,-125.64024
1621523733623,99.7561,15.320123,-166.95122
1621523733652,138.38416,15.655488,-194.60367
1621523733652,163.81097,20.060976,-206.64635
1621523733682,180.41159,7.7134147,-206.47867
1621523733713,194.05489,-12.469513,-199.43597
1621523733713,203.04878,-25.655489,-195.12195
1621523733743,207.57622,-35.015244,-199.55794
1621523733773,212.97256,-34.039635,-207.69818
1621523733773,214.45122,-22.5,-213.70427
1621523733803,206.64635,-15.07622,-217.2561
1621523733832,186.34146,-16.844513,-216.50916
1621523733834,153.14024,-38.125,-204.11586
1621523733863,111.20427,-30.960367,-150.8994
1621523733892,35.960365,19.070122,-42.942074
1621523733923,-91.60061,52.19512,51.844513
1621523733923,-275.0,117.22561,52.271343
1621523733952,-344.63416,-63.018295,52.942074
1621523733954,-76.20427,-53.55183,70.65549
1621523733983,42.012196,140.12195,62.637196
1621523734013,-11.814025,41.905487,3.4146342
1621523734013,6.7225614,-9.64939,-14.329268
1621523734043,-2.987805,22.97256,4.1768293
1621523734072,-3.8414636,14.070123,4.405488
1621523734072,-6.2042685,3.887195,-2.652439
1621523734102,-6.2195125,9.161586,4.2073174
1621523734132,-5.7317076,10.89939,6.3414636
1621523734133,-6.143293,13.064025,7.9725614
1621523734163,-5.015244,13.948171,10.533537
1621523734193,-6.112805,13.856708,10.487805
1621523734193,-7.5609756,10.777439,7.4695125
1621523734223,-8.414635,7.5,4.9237804
1621523734252,-7.9725614,5.7164636,5.4573174
1621523734252,-6.8292685,5.8536587,7.164634
1621523734282,-6.2195125,6.9969516,7.9725614
1621523734313,-6.158537,7.2865853,8.719512
1621523734313,-5.015244,6.6920733,9.740854
1621523734343,-4.039634,6.4786587,11.036586
1621523734373,-4.054878,7.22561,12.57622
1621523734373,-4.10061,7.6219516,14.3902445
1621523734403,-4.9237804,8.277439,17.5
1621523734432,-7.9268293,10.137196,22.728659
1621523734434,-11.082317,11.95122,28.810976
1621523734463,-11.920732,8.003049,32.286587
1621523734492,-14.176829,1.4329269,34.085365
1621523734495,-19.84756,-5.1067076,40.70122
1621523734522,-31.981709,-16.32622,48.521343
1621523734551,-62.77439,-30.990854,57.37805
1621523734552,-113.65854,-67.347565,64.32927
1621523734581,-199.67989,-92.28659,101.93598
1621523734614,-254.7561,-134.98476,121.08232
1621523734614,-366.875,-154.71037,165.22867
1621523734644,-390.06097,-176.93597,225.53354
1621523734674,-339.95428,-77.13415,296.98172
1621523734674,-235.30489,-91.996956,291.875
1621523734701,-83.67378,-125.89939,257.2866
1621523734731,-47.332317,14.862805,243.84148
1621523734732,-57.19512,106.93598,185.03049
1621523734762,155.53354,11.8902445,29.573172
1621523734792,155.28964,26.615854,-45.243904
1621523734793,79.268295,61.310978,-69.35976
1621523734824,69.32927,51.417683,-118.33842
1621523734852,93.42988,48.963417,-165.50305
1621523734852,119.55793,51.67683,-190.41159
1621523734882,142.53049,53.368904,-201.55489
1621523734913,170.45732,48.85671,-207.33232
1621523734913,196.95122,41.067074,-206.46342
1621523734943,213.125,28.948172,-198.6433
1621523734973,221.5244,13.856708,-185.91464
1621523734974,223.06403,-0.35060975,-175.97562
1621523735003,217.27135,-13.277439,-174.87805
1621523735032,205.7927,-23.353659,-179.78659
1621523735034,188.125,-26.143293,-183.0183
1621523735063,164.4817,-40.442074,-185.7927
1621523735092,138.96342,-63.42988,-178.84146
1621523735094,105.45732,-63.82622,-137.45427
1621523735124,64.314026,-29.557928,-50.457317
1621523735152,17.774391,-2.652439,30.411587
1621523735154,-33.612804,-25.77744,54.1311
1621523735183,-167.71342,-10.167684,63.323174
1621523735213,-302.8811,225.19818,85.35061
1621523735242,-9.237805,-110.99086,193.97867
1621523735243,88.38415,-18.04878,95.30488
1621523735274,-49.512196,81.722565,-7.804878
1621523735274,21.219513,-10.091464,11.539635
1621523735303,5.8384147,22.484756,6.905488
1621523735333,0.65548784,36.585365,13.064025
1621523735363,0.8231707,12.22561,4.1920733
1621523735363,-0.13719513,4.9237804,3.307927
1621523735393,-2.9268293,8.978659,4.02439
1621523735422,-2.9725611,10.518293,7.637195
1621523735424,-4.02439,9.054878,6.875
1621523735453,-4.5731707,5.335366,5.2134147
1621523735482,-4.3140244,4.1920733,4.6036587
1621523735484,-3.5670733,6.5701222,6.9512196
1621523735513,-3.277439,9.253049,9.512196
1621523735543,-6.4481707,13.170732,10.929878
1621523735543,-2.7743902,10.35061,11.402439
1621523735573,-1.0365853,9.92378,12.5152445
1621523735604,-0.5792683,10.70122,14.64939
1621523735604,-0.42682928,10.716464,15.97561
1621523735633,-0.42682928,9.847561,16.478659
1621523735664,-1.4481708,10.594512,17.37805
1621523735664,1.3719512,6.6615853,18.841463
1621523735692,1.9512196,4.3140244,21.006098
1621523735722,-0.8231707,4.222561,23.20122
1621523735722,-5.4268293,2.378049,24.664635
1621523735752,-11.615854,-4.222561,25.853659
1621523735782,-21.783537,-14.146341,27.774391
1621523735783,-39.390244,-30.274391,30.442074
1621523735813,-98.551834,-44.817074,56.082317
1621523735842,-179.07013,-75.39634,100.746956
1621523735843,-220.73172,-128.67378,125.18293
1621523735872,-300.06097,-143.35367,171.58537
1621523735903,-439.83234,-199.60367,206.75305
1621523735903,-473.79575,-133.41464,285.67075
1621523735933,-289.14636,-102.59147,307.65244
1621523735963,-120.54878,41.966465,336.32623
1621523735963,-98.62805,111.43293,308.9939
1621523735993,-64.40549,100.25915,171.49391
1621523736022,199.96951,-48.689026,4.710366
1621523736024,193.46037,-11.371951,-52.911587
1621523736054,127.14939,23.170732,-68.70427
1621523736082,147.72867,-33.536587,-133.53659
1621523736084,188.76524,-66.66159,-199.34451
1621523736114,204.23781,-49.64939,-233.46037
1621523736143,212.68294,-35.92988,-252.80489
1621523736143,226.99696,-41.890244,-267.4238
1621523736173,241.37196,-35.060978,-269.98477
1621523736202,257.27136,-6.9359756,-259.02438
1621523736202,268.14026,35.182926,-244.20732
1621523736232,257.80487,71.15854,-247.51524
1621523736264,229.375,39.48171,-274.4055
1621523736264,199.58842,-12.027439,-258.2927
1621523736292,150.39635,13.216464,-136.57013
1621523736322,93.018295,29.161587,28.536587
1621523736322,13.689025,-23.414635,102.40854
1621523736352,-195.99086,-22.560976,90.92988
1621523736382,-459.375,317.17987,49.25305
1621523736383,-161.84451,-3.7804878,210.30489
1621523736413,-11.646341,2.179878,76.43293
1621523736442,-17.057928,65.472565,1.9207318
1621523736443,30.15244,-23.445122,0.32012194
1621523736472,-4.085366,32.57622,3.1097562
1621523736502,-2.6219513,23.612806,6.417683
1621523736503,3.8262196,-1.2957318,0.42682928
1621523736533,-0.15243903,-0.44207317,1.4634147
1621523736563,-1.8445122,4.085366,6.3567076
1621523736563,-3.932927,3.887195,6.3262196
1621523736593,-4.908537,-2.057927,4.64939
1621523736622,-5.8689027,-6.295732,2.4085367
1621523736624,-6.280488,-5.640244,2.2256098
1621523736652,-5.3201222,-3.292683,4.405488
1621523736682,-4.1920733,-1.6158537,6.631098
1621523736684,-3.765244,0.77743906,8.658537
1621523736713,-3.125,2.6067073,9.893293
1621523736743,-1.8140244,3.5975611,11.097561
1621523736743,-0.6402439,5.97561,13.551829
1621523736773,0.45731708,8.643292,15.6707325
1621523736802,1.8597561,10.594512,17.37805
1621523736802,3.9939024,10.731708,20.487804
1621523736833,5.7164636,8.810976,23.47561
1621523736862,6.265244,5.670732,25.182928
1621523736862,5.8689027,1.3871951,24.832317
1621523736891,2.2560976,-3.1097562,24.29878
1621523736922,-4.740854,-9.435976,24.375
1621523736922,-13.932927,-22.22561,24.039635
1621523736953,-67.210365,-30.884148,41.935978
1621523736982,-144.29878,-49.009148,64.72561
1621523736983,-185.44208,-79.5122,85.335365
1621523737013,-222.10367,-115.57927,102.31708
1621523737042,-303.82623,-115.746956,143.20122
1621523737042,-411.5244,-114.90854,197.46951
1621523737072,-499.49695,-186.95122,252.53049
1621523737102,-403.9177,-147.59146,285.25916
1621523737102,-131.28049,-36.57012,321.06708
1621523737131,-9.054878,15.929878,290.92987
1621523737161,-135.94513,114.10061,228.52135
1621523737162,69.05488,-8.094512,76.722565
1621523737193,201.7683,-37.835365,-40.823174
1621523737222,119.19208,65.960365,-63.27744
1621523737224,95.85366,63.61281,-97.65244
1621523737252,122.8811,37.72866,-149.03964
1621523737282,152.02744,32.957317,-182.43903
1621523737284,175.625,37.60671,-200.71646
1621523737313,201.82927,34.95427,-212.36281
1621523737343,226.05183,26.448172,-218.85672
1621523737343,243.65854,15.54878,-215.24391
1621523737373,255.7622,6.097561,-203.78049
1621523737404,262.22562,0.83841467,-193.49086
1621523737404,256.02136,-1.5853659,-200.88416
1621523737433,235.09148,-4.4817076,-226.89024
1621523737464,205.5183,-13.689025,-253.2927
1621523737464,177.85062,-24.618902,-248.76524
1621523737493,124.19208,8.277439,-165.7317
1621523737523,48.475613,41.067074,-16.189024
1621523737553,-112.347565,36.387196,119.48171
1621523737553,-355.53354,88.09451,108.17073
1621523737583,-256.9055,-92.82012,63.582317
1621523737613,87.54573,-12.454268,135.74695
1621523737614,-17.85061,135.59451,31.920732
1621523737644,-7.4542685,15.625,-5.3201222
1621523737672,4.542683,28.033537,8.155488
1621523737674,3.765244,52.45427,22.713415
1621523737704,0.22865854,24.634148,7.667683
1621523737732,-4.3445125,12.286586,2.179878
1621523737734,-4.634146,8.902439,3.003049
1621523737763,-5.8841467,7.042683,2.4390244
1621523737795,-6.432927,3.460366,2.7134147
1621523737795,-6.539634,0.30487806,2.1646342
1621523737823,-7.3475614,-0.35060975,0.5640244
1621523737854,-8.033537,-0.91463417,-1.1128049
1621523737854,-7.0884147,-2.1646342,0.22865854
1621523737882,-5.5945125,-1.8292683,2.987805
1621523737912,-4.740854,1.0365853,5.045732
1621523737913,-3.932927,3.4146342,5.8536587
1621523737943,-2.6219513,4.4512196,7.987805
1621523737972,-1.4634147,5.503049,10.89939
1621523737973,-0.47256097,6.1890244,11.829268
1621523738003,0.44207317,5.8231707,12.85061
1621523738032,1.0823171,4.64939,14.557927
1621523738032,1.9359757,1.8597561,16.737804
1621523738062,2.2865853,-1.9359757,21.646341
1621523738093,0.625,-6.097561,25.792683
1621523738093,-6.0823174,-7.14939,27.088415
1621523738123,-23.033537,-9.588415,31.935976
1621523738152,-59.90854,-5.8384147,54.02439
1621523738153,-108.62805,-17.332317,73.67378
1621523738183,-164.60367,-48.5061,97.68293
1621523738212,-234.61891,-88.56708,132.21037
1621523738214,-299.05487,-129.00916,155.96037
1621523738242,-426.5854,-151.67683,207.95732
1621523738272,-488.30795,-177.74391,259.1616
1621523738274,-352.5,-104.55793,302.94208
1621523738304,-115.16769,-43.948174,317.33234
1621523738333,-2.9115853,32.65244,272.14938
1621523738333,-134.92378,161.0061,202.86586
1621523738363,87.27135,-18.70427,34.69512
1621523738392,145.48781,-21.981709,-74.375
1621523738392,74.95427,65.99085,-94.67988
1621523738421,75.1372,60.65549,-126.585365
1621523738453,121.96647,24.070122,-167.13416
1621523738453,161.72256,12.118903,-192.07318
1621523738482,190.36586,16.20427,-206.40245
1621523738513,217.92683,9.679878,-220.12196
1621523738513,242.56097,-6.417683,-229.5427
1621523738542,253.75,-12.256098,-228.15549
1621523738572,254.40549,-9.176829,-219.86281
1621523738573,249.87805,2.5914636,-212.28659
1621523738603,243.42989,30.243902,-219.87805
1621523738633,223.67378,50.137196,-242.54573
1621523738633,199.74086,28.307928,-255.88416
1621523738662,169.375,27.134148,-207.83537
1621523738692,114.375,54.939026,-76.676834
1621523738692,16.006098,28.978659,63.689026
1621523738721,-272.37805,141.5244,152.2561
1621523738751,-380.32013,157.0427,135.77744
1621523738752,-4.527439,-46.875,117.65244
1621523738782,76.95122,38.567074,83.79573
1621523738812,-34.05488,31.615854,-19.375
1621523738813,23.612806,-29.72561,-2.8963416
1621523738843,1.2347561,35.57927,4.237805
1621523738872,-2.332317,21.615854,5.89939
1621523738875,1.8902439,0.88414633,5.914634
1621523738903,-0.5030488,5.030488,10.365854
1621523738932,-2.0731707,4.6189027,9.070122
1621523738934,-3.1097562,1.4634147,6.25
1621523738963,-2.7591465,-4.862805,5.365854
1621523738994,-2.195122,-7.4847565,5.8536587
1621523738994,-1.6615855,-6.7073174,5.335366
1621523739023,-1.0670732,-5.167683,5.655488
1621523739054,-1.1890244,-2.8963416,8.018292
1621523739054,-1.4329269,2.682927,11.051829
1621523739082,-1.0823171,7.1189027,12.911586
1621523739112,-0.36585367,10.320122,14.192074
1621523739112,0.42682928,11.112805,14.832317
1621523739143,1.6463414,9.695122,16.112804
1621523739173,1.9512196,9.786586,18.292683
1621523739173,1.875,12.027439,21.631098
1621523739203,1.8140244,14.679878,25.335367
1621523739232,1.3262196,14.92378,27.195122
1621523739232,-2.332317,12.560976,27.134148
1621523739262,-8.338415,6.280488,28.90244
1621523739292,-20.853659,-3.5670733,35.35061
1621523739292,-51.47866,-11.935976,44.90854
1621523739321,-117.17988,-23.810976,66.143295
1621523739351,-214.7561,-43.85671,113.246956
1621523739352,-291.18903,-129.92378,103.81098
1621523739381,-372.19513,-175.68597,120.121956
1621523739411,-469.4055,-159.84756,181.44818
1621523739412,-405.07623,-178.46037,235.5183
1621523739443,-260.97562,-178.17073,288.8872
1621523739472,-156.7683,-75.0,290.42685
1621523739474,-17.073172,-14.085366,286.02136
1621523739503,-77.22561,108.62805,228.21646
1621523739532,28.917683,39.115856,104.07012
1621523739534,174.19208,-58.810978,-34.375
1621523739563,105.67073,23.216463,-78.597565
1621523739594,61.692074,35.746952,-103.00305
1621523739594,75.27439,5.8536587,-142.28659
1621523739624,114.35976,-15.335366,-175.65549
1621523739653,144.14635,-10.838415,-194.90854
1621523739683,169.96951,-12.637196,-206.57013
1621523739683,197.34756,-31.509148,-215.0
1621523739711,215.47256,-46.57012,-218.18597
1621523739742,215.7317,-39.05488,-215.85367
1621523739742,218.62805,-16.585365,-204.42073
1621523739772,218.38416,6.280488,-197.91159
1621523739802,208.6433,21.966463,-206.06708
1621523739803,190.5183,34.862804,-220.15245
1621523739834,167.37805,36.35671,-229.39024
1621523739862,157.34756,28.109756,-218.0183
1621523739864,152.3933,40.97561,-152.59146
1621523739894,113.71951,39.375,-31.539635
1621523739922,9.847561,10.853659,92.85061
1621523739924,-198.44513,15.990854,164.16159
1621523739953,-315.09146,47.37805,140.35062
1621523739983,40.289635,36.753048,120.25915
1621523739986,30.35061,109.11586,31.615854
1621523740014,-2.3018293,-25.35061,-13.231708
1621523740043,21.646341,-21.585367,-3.8262196
1621523740043,3.612805,29.070122,9.969512
1621523740072,5.167683,8.658537,4.7865853
1621523740102,4.527439,-3.6585367,-1.4329269
1621523740103,3.0487804,-3.5975611,1.4329269
1621523740132,1.1737806,-2.8658538,2.2560976
1621523740163,-1.3414634,-3.0487804,1.1737806
1621523740163,-2.4542685,-4.8170733,1.2195122
1621523740192,-3.6890244,-6.0518293,-0.09146342
1621523740223,-4.4512196,-5.914634,-1.0518293
1621523740223,-4.039634,-4.054878,0.10670732
1621523740253,-2.957317,-2.9268293,2.042683
1621523740282,-2.2408538,-1.1890244,3.3841465
1621523740283,-1.7530488,0.0,4.115854
1621523740311,-1.1128049,1.5548781,5.4268293
1621523740342,-0.16768293,3.887195,7.7286587
1621523740342,0.8231707,5.8231707,10.442074
1621523740372,1.6158537,6.4786587,11.966464
1621523740402,1.9054879,5.609756,12.942074
1621523740403,2.378049,4.253049,13.993903
1621523740433,3.1554878,3.003049,14.832317
1621523740462,2.957317,3.3993902,15.442074
1621523740465,2.195122,3.9176831,15.716464
1621523740493,0.71646345,2.3475611,16.143293
1621523740522,-1.8140244,-2.5304878,16.356709
1621523740524,-6.60061,-8.155488,18.75
1621523740553,-26.05183,-6.52439,30.15244
1621523740585,-57.240856,-22.149391,41.875
1621523740585,-112.82012,-47.164635,60.640244
1621523740614,-177.82013,-91.11281,84.60366
1621523740643,-225.18294,-169.98476,87.301834
1621523740643,-336.78354,-204.67989,112.835365
1621523740672,-411.96646,-196.32622,156.55489
1621523740701,-388.52136,-139.69513,220.32013
1621523740703,-385.67075,-95.03049,256.78354
1621523740732,-263.65854,-81.814026,287.33234
1621523740763,-114.72561,-69.07012,299.66464
1621523740763,-65.70122,25.609756,226.4177
1621523740793,-0.99085367,26.112806,137.24086
1621523740822,180.33537,-13.079268,62.317074
1621523740823,202.21037,69.55793,22.713415
1621523740853,167.22562,121.26524,-3.7347562
1621523740883,157.1494,92.46951,-58.55183
1621523740883,170.3811,50.259148,-123.14024
1621523740912,177.72867,41.265244,-170.41159
1621523740942,187.62195,50.167683,-202.98781
1621523740942,207.68294,50.85366,-223.61281
1621523740973,231.73781,36.143295,-226.61586
1621523741002,254.03964,17.469513,-213.61281
1621523741004,271.32623,4.862805,-194.2683
1621523741034,269.9695,3.5518293,-189.98476
1621523741062,241.43294,6.615854,-213.59756
1621523741064,196.81403,1.25,-246.02135
1621523741093,168.93294,-17.92683,-246.6311
1621523741122,130.36586,-6.5701222,-167.07318
1621523741124,70.41159,0.030487806,-15.70122
1621523741153,-33.44512,5.289634,123.91769
1621523741184,-268.70428,153.97867,140.13719
1621523741185,-327.59146,254.69513,76.29573
1621523741213,27.195122,-178.59756,104.95427
1621523741243,93.32317,-64.02439,29.161587
1621523741243,-12.454268,41.875,3.3993902
1621523741273,19.405489,-20.640244,-4.6189027
1621523741302,6.097561,18.948172,4.8323174
1621523741302,5.045732,16.25,9.771341
1621523741333,5.7164636,-3.0945122,-0.65548784
1621523741363,4.4512196,-1.1890244,1.4329269
1621523741363,4.390244,-6.128049,-1.1890244
1621523741394,2.698171,-7.865854,-1.3262196
1621523741422,0.73170733,-7.530488,0.30487806
1621523741422,-0.65548784,-6.2195125,1.25
1621523741452,-2.4695122,-5.045732,-0.41158536
1621523741482,-2.7134147,-4.359756,-0.6859756
1621523741482,-1.7378049,-4.756098,1.1890244
1621523741511,-0.7012195,-2.8658538,4.085366
1621523741542,-0.65548784,-0.6859756,4.6189027
1621523741542,-0.79268295,0.42682928,4.8170733
1621523741573,0.30487806,1.6006098,7.6219516
1621523741602,0.9603659,2.6067073,9.954268
1621523741604,1.722561,1.9969512,11.32622
1621523741633,1.6158537,0.92987806,12.621951
1621523741662,1.0518293,-1.3262196,13.658537
1621523741665,0.38109756,-3.292683,16.539635
1621523741693,-1.5396342,-2.5457318,20.304878
1621523741723,-5.304878,-3.5060976,22.134148
1621523741725,-11.737805,-12.332317,24.969513
1621523741753,-27.073172,-20.899391,30.762196
1621523741784,-83.42988,-23.795732,55.335365
1621523741784,-155.45732,-36.814026,95.625
1621523741813,-191.43294,-88.826225,119.98476
1621523741843,-292.45428,-110.25915,166.40244
1621523741843,-362.56097,-191.9817,201.875
1621523741872,-377.2561,-96.28049,251.21951
1621523741903,-299.52744,6.783537,297.89636
1621523741933,-191.03659,73.94817,317.30185
1621523741933,-137.95732,89.19208,321.875
1621523741963,-126.78354,134.17683,228.47562
1621523741963,-23.795732,92.46951,107.8811
1621523741992,173.90245,-57.012196,-18.612804
1621523742024,129.72562,1.8902439,-60.50305
1621523742052,72.54573,34.664635,-75.41159
1621523742055,84.5122,8.018292,-119.16159
1621523742083,118.32317,-16.493902,-160.39635
1621523742113,140.3811,-19.268293,-182.91159
1621523742113,162.56097,-21.981709,-196.11281
1621523742144,188.2317,-33.917683,-204.86281
1621523742172,207.62196,-49.710365,-206.34146
1621523742174,217.05794,-68.30793,-204.5122
1621523742204,216.34146,-76.61585,-208.81097
1621523742232,211.57013,-49.725613,-211.93597
1621523742232,192.40854,-4.542683,-211.37196
1621523742262,154.51219,33.140244,-215.07622
1621523742292,127.69817,49.161587,-219.93903
1621523742292,130.33537,62.271343,-194.28354
1621523742322,120.1372,74.28354,-110.076225
1621523742352,50.121952,31.646341,12.698171
1621523742353,-143.65854,67.57622,123.18598
1621523742383,-304.375,288.0183,158.49086
1621523742412,-215.33537,-8.75,163.96342
1621523742412,95.746956,-250.97562,90.1372
1621523742443,5.5792685,31.493904,-5.929878
1621523742472,11.631098,-13.292684,7.698171
1621523742473,18.75,-27.865854,-0.5945122
1621523742501,-0.6097561,36.05183,16.05183
1621523742531,-0.30487806,16.95122,10.792684
1621523742532,0.71646345,3.5365853,4.085366
1621523742562,0.47256097,2.698171,3.582317
1621523742592,-0.09146342,-0.24390244,0.77743906
1621523742593,-0.33536586,-2.6219513,1.0365853
1621523742623,-0.42682928,-4.283537,3.3384147
1621523742652,-1.2347561,-3.445122,3.75
1621523742654,-1.6615855,-4.4512196,1.8597561
1621523742683,-1.0518293,-5.015244,2.6219513
1621523742713,0.65548784,-4.512195,5.335366
1621523742713,1.6006098,-2.5304878,7.1951222
1621523742744,1.5243902,-0.30487806,8.04878
1621523742772,1.8902439,0.91463417,9.420732
1621523742775,2.6219513,3.5365853,12.804878
1621523742803,2.9725611,6.539634,15.716464
1621523742832,3.765244,6.6920733,17.362804
1621523742832,4.5731707,7.8201222,19.84756
1621523742862,4.8170733,7.77439,21.905489
1621523742892,5.182927,6.890244,24.420732
1621523742892,2.012195,7.77439,27.134148
1621523742921,-3.0487804,7.2865853,30.106709
1621523742950,-10.762196,5.365854,31.737806
1621523742952,-22.5,-0.7012195,32.19512
1621523742983,-34.634148,-13.170732,32.118904
1621523743012,-47.72866,-36.890244,26.341463
1621523743012,-95.39635,-67.621956,30.762196
1621523743044,-189.83232,-75.09147,83.47561
1621523743073,-238.10976,-113.21647,105.868904
1621523743073,-340.0,-157.80489,154.28354
1621523743101,-378.49088,-163.32318,228.99391
1621523743132,-352.34756,-105.7622,325.2439
1621523743132,-253.84148,-97.5,402.9116
1621523743162,-142.17989,-86.96647,372.60672
1621523743192,-104.54269,71.50915,291.64636
1621523743193,-136.1433,93.125,163.38416
1621523743223,33.82622,-23.59756,-15.685976
1621523743252,137.71342,32.210365,-144.32927
1621523743255,85.685974,88.460365,-148.90244
1621523743283,78.44512,69.42073,-144.25305
1621523743313,143.41464,15.89939,-175.39635
1621523743313,196.40245,13.368903,-201.84451
1621523743343,225.42683,30.213415,-212.6067
1621523743375,253.81097,18.368902,-219.83232
1621523743375,273.14026,-2.378049,-226.875
1621523743404,277.0427,-12.652439,-230.91464
1621523743434,268.00305,-9.969512,-234.03964
1621523743434,242.0427,-0.5792683,-251.47867
1621523743462,205.64024,17.439024,-285.2439
1621523743492,181.38719,39.69512,-304.43597
1621523743492,165.77744,75.85366,-260.5488
1621523743522,131.29573,88.42988,-100.32012
1621523743552,16.295732,53.109756,105.10671
1621523743554,-216.5244,106.11281,189.05489
1621523743584,-371.09756,208.53659,165.88416
1621523743613,-13.47561,-128.14024,170.2744
1621523743613,65.914635,1.9054879,50.32012
1621523743644,-22.317074,33.490856,-3.0487804
1621523743673,18.59756,-26.692074,-5.289634
1621523743673,8.7652445,18.521341,0.71646345
1621523743701,1.25,22.240854,9.64939
1621523743731,5.2439027,-2.2560976,2.7134147
1621523743732,3.140244,-2.4542685,1.6463414
1621523743762,2.2560976,-0.73170733,4.253049
1621523743793,-0.36585367,0.6707317,4.1615853
1621523743794,-1.25,-2.2408538,2.820122
1621523743823,-1.6158537,-5.4573174,1.25
1621523743853,-1.9512196,-5.5640244,0.33536586
1621523743855,-2.2713416,-3.8109758,-0.4878049
1621523743883,-1.2042683,-1.7682927,1.9359757
1621523743913,0.24390244,0.83841467,6.3414636
1621523743913,0.7621951,4.283537,9.02439
1621523743943,1.7682927,5.777439,9.176829
1621523743974,2.057927,7.1189027,9.954268
1621523743975,2.6219513,9.237805,12.865854
1621523744004,2.7134147,9.573171,13.856708
1621523744034,2.378049,7.6219516,13.932927
1621523744035,2.5,4.9237804,15.426829
1621523744062,2.195122,2.5304878,18.948172
1621523744092,1.3871951,0.6707317,24.131098
1621523744092,-1.6920732,0.25914633,27.408537
1621523744123,-8.948171,-2.057927,30.030489
1621523744153,-18.292683,-12.22561,29.420732
1621523744153,-38.97866,-34.52744,26.493902
1621523744184,-118.93293,-22.5,87.393295
1621523744213,-169.72562,-53.521343,126.64635
1621523744242,-246.875,-88.07927,129.6494
1621523744244,-330.01526,-129.28354,131.21951
1621523744273,-389.95428,-145.86891,173.81097
1621523744302,-320.3354,-83.75,251.49391
1621523744304,-204.95427,-24.237806,305.1677
1621523744334,-154.00916,-4.1768293,287.22562
1621523744362,-54.67988,12.027439,227.34756
1621523744365,-77.72866,124.05488,163.52135
1621523744393,101.50915,8.628049,27.149391
1621523744422,131.03659,11.2652445,-71.55488
1621523744422,66.189026,63.582317,-101.08232
1621523744452,52.835365,54.390244,-133.30792
1621523744481,86.52439,26.509148,-169.96951
1621523744483,122.6372,17.210367,-192.10367
1621523744513,148.94818,17.393293,-200.71646
1621523744543,174.52745,12.606708,-207.24086
1621523744543,195.30489,-0.6859756,-208.8567
1621523744574,206.15854,-15.07622,-205.48781
1621523744602,201.02135,-14.878049,-201.85976
1621523744602,185.8994,-1.570122,-207.68294
1621523744633,168.32318,9.466464,-224.6494
1621523744662,158.17073,10.426829,-244.19208
1621523744663,167.8811,-0.44207317,-251.43294
1621523744691,169.39024,8.39939,-211.23476
1621523744721,127.393295,37.591465,-90.27439
1621523744722,59.939026,46.737804,53.292683
1621523744752,-99.96951,36.32622,134.80183
1621523744781,-305.12195,69.131096,105.45732
1621523744784,-209.35976,36.859756,121.15854
1621523744814,113.97866,-17.698172,88.76524
1621523744843,-36.539635,30.396341,-23.353659
1621523744844,30.335367,-28.338415,15.625
1621523744873,8.170732,12.591464,2.5609756
1621523744902,-2.820122,36.417683,13.490854
1621523744904,3.8719513,7.378049,4.6951222
1621523744933,3.9634147,8.246951,7.6067076
1621523744962,3.1707318,10.807927,9.588415
1621523744965,0.5792683,6.4786587,4.3445125
1621523744993,-0.9756098,3.1859758,3.1554878
1621523745023,-1.5548781,1.7073171,5.2134147
1621523745023,-2.9725611,0.8231707,3.9786587
1621523745052,-8.338415,1.7378049,0.076219514
1621523745082,-10.579268,3.4298782,-0.09146342
1621523745082,-4.237805,-0.85365856,1.9664634
1621523745113,-3.6737807,1.1737806,3.932927
1621523745142,-3.003049,4.039634,5.7164636
1621523745144,-2.1189024,6.2195125,7.14939
1621523745173,-1.6615855,8.323171,9.131098
1621523745202,-0.51829267,9.405488,11.478659
1621523745202,1.097561,8.231708,12.820123
1621523745234,1.2652439,6.8140244,13.338415
1621523745263,1.5396342,5.381098,14.466464
1621523745263,2.3932927,4.085366,17.545732
1621523745291,3.1859758,2.4237804,20.228659
1621523745321,2.652439,-0.9756098,20.411587
1621523745322,1.2042683,-6.6768293,19.237804
1621523745352,-3.8567073,-12.103659,18.246952
1621523745382,-19.695122,-19.740854,25.243902
1621523745385,-81.06708,-10.838415,68.84147
1621523745413,-130.13719,-13.003049,113.67378
1621523745442,-156.66159,-64.81708,116.31098
1621523745444,-215.1067,-78.30793,122.14939
1621523745473,-297.43903,-109.32927,148.32318
1621523745502,-357.85062,-119.60366,194.84756
1621523745504,-346.06708,-105.32012,264.74084
1621523745533,-290.45734,-87.80488,308.41464
1621523745562,-163.81097,-69.55793,318.07928
1621523745565,-106.875,-31.966465,290.04575
1621523745593,-81.996956,44.45122,184.93903
1621523745624,95.57927,-18.90244,22.332317
1621523745625,162.63719,-10.89939,-88.33842
1621523745652,87.5,52.40854,-101.70732
1621523745683,75.22866,24.390244,-123.414635
1621523745683,114.35976,-8.155488,-164.87805
1621523745712,148.24695,0.9756098,-194.07013
1621523745742,172.72867,13.75,-209.00916
1621523745743,198.52135,3.5670733,-214.34451
1621523745773,227.69818,-18.368902,-208.6433
1621523745802,253.84148,-28.307928,-195.15245
1621523745802,263.85672,-22.789635,-181.46342
1621523745833,247.48476,-15.655488,-178.88719
1621523745862,198.17073,-5.137195,-199.52745
1621523745863,139.00916,-0.27439025,-232.69818
1621523745894,104.07012,2.179878,-250.44208
1621523745923,98.70427,28.292683,-219.22256
1621523745923,80.914635,44.588417,-110.960365
1621523745953,29.939026,30.57927,41.82927
1621523745982,-66.96646,3.7957318,139.8933
1621523745984,-239.00916,180.91464,185.30489
1621523746014,-229.96951,63.20122,154.63416
1621523746042,16.646341,76.50915,131.12805
1621523746045,2.9725611,1.3719512,11.371951
1621523746074,-22.30183,8.7652445,-2.3932927
1621523746102,17.195122,-33.719513,-0.9756098
1621523746105,3.0335367,14.740854,-0.12195122
1621523746133,0.88414633,16.859756,7.9725614
1621523746164,3.902439,-3.6737807,4.405488
1621523746165,-0.65548784,-3.9786587,4.512195
1621523746193,-1.6158537,-3.8262196,4.9390244
1621523746224,-3.277439,-2.2713416,2.667683
1621523746224,-3.8109758,-3.5365853,3.3689024
1621523746252,-4.542683,-4.862805,3.8567073
1621523746282,-4.908537,-6.143293,2.835366
1621523746283,-4.64939,-5.4420733,2.515244
1621523746313,-3.4908538,-4.9390244,3.612805
1621523746342,-1.9664634,-3.5518293,5.533537
1621523746344,-0.7012195,-0.79268295,7.240854
1621523746373,0.44207317,1.3414634,8.368902
1621523746403,1.570122,2.5,9.756098
1621523746432,2.5304878,3.902439,12.103659
1621523746434,3.1554878,5.0914636,13.887196
1621523746463,3.1859758,4.847561,14.862805
1621523746492,3.8414636,4.634146,16.60061
1621523746494,4.771342,5.625,20.396341
1621523746523,4.771342,6.158537,25.655489
1621523746552,1.9664634,6.021342,30.945122
1621523746555,-2.4542685,0.5792683,32.240856
1621523746584,-7.865854,-8.262196,30.670732
1621523746613,-15.914635,-21.890244,26.60061
1621523746613,-39.634148,-44.085365,23.170732
1621523746642,-133.97867,-51.859756,75.746956
1621523746672,-204.05489,-89.664635,105.16769
1621523746672,-249.86281,-149.69513,103.30793
1621523746703,-381.875,-135.79268,166.31097
1621523746732,-370.3354,-142.21037,238.59756
1621523746732,-278.56708,-79.92378,312.72867
1621523746763,-132.83537,-64.496956,326.81403
1621523746792,-136.20427,67.85061,310.1372
1621523746792,-125.15244,109.64939,194.34451
1621523746824,6.875,65.07622,26.661587
1621523746853,117.789635,31.72256,-87.91159
1621523746853,52.19512,90.94512,-94.58842
1621523746883,50.548782,86.326225,-112.439026
1621523746913,110.88415,56.661587,-156.81403
1621523746913,153.97867,56.57012,-182.42378
1621523746943,180.83842,54.969513,-195.25916
1621523746972,204.86281,40.0,-205.53354
1621523746974,227.3933,24.009148,-208.46037
1621523747003,246.20427,12.439025,-202.92683
1621523747033,259.57318,-4.1615853,-194.25305
1621523747034,258.79575,-15.442074,-195.09146
1621523747063,239.10062,-14.405488,-214.81708
1621523747093,204.28354,-12.195122,-245.0
1621523747093,172.53049,-32.77439,-263.55185
1621523747123,129.52744,-24.817074,-214.35976
1621523747152,32.743904,31.387196,-49.69512
1621523747155,-13.597561,40.73171,87.77439
1621523747183,-210.32013,114.83232,173.59756
1621523747213,-340.1372,196.5244,163.18597
1621523747213,100.06098,-170.82318,85.472565
1621523747243,71.60061,-28.094513,0.6859756
1621523747272,-24.939026,25.731709,6.768293
1621523747272,16.356709,0.88414633,-1.0060976
1621523747303,3.7957318,31.463415,5.2439027
1621523747332,1.1280488,23.140244,11.112805
1621523747332,1.8140244,7.804878,4.740854
1621523747364,1.2652439,9.176829,7.515244
1621523747392,-1.1432927,7.4695125,4.253049
1621523747392,-1.5243902,5.396342,5.4268293
1621523747424,-1.2652439,1.7835367,6.265244
1621523747452,-1.7987806,-0.4878049,6.8445125
1621523747453,-2.804878,1.1585366,6.021342
1621523747481,-3.1097562,1.9359757,5.792683
1621523747512,-2.5609756,-0.09146342,7.2865853
1621523747512,-1.7682927,0.88414633,10.259147
1621523747543,-0.625,3.1707318,12.378049
1621523747572,-0.10670732,2.7134147,11.783537
1621523747574,0.45731708,1.5243902,12.271341
1621523747603,1.8902439,0.625,15.167684
1621523747632,2.515244,-0.92987806,17.042683
1621523747634,1.6768293,-1.5853659,19.10061
1621523747663,-0.28963414,-0.77743906,22.408537
1621523747692,-2.8658538,0.99085367,27.591465
1621523747694,-5.9451222,3.2317073,34.115856
1621523747723,-11.189025,1.9969512,37.621952
1621523747752,-18.07927,-4.5731707,37.560978
1621523747755,-23.689026,-14.146341,32.97256
1621523747784,-41.82927,-34.710365,29.588415
1621523747813,-121.12805,-30.670732,76.85976
1621523747813,-157.75916,-68.97866,99.39024
1621523747842,-220.06097,-94.801834,118.56708
1621523747872,-283.58234,-127.53049,145.03049
1621523747872,-359.2683,-108.35366,206.43294
1621523747902,-423.3384,-58.15549,269.17685
1621523747932,-359.7561,-0.16768293,315.45734
1621523747934,-207.08842,-36.280487,320.1677
1621523747964,-51.539635,-57.19512,270.7622
1621523747992,-94.11585,114.35976,227.3933
1621523747992,47.40854,47.469513,90.960365
1621523748024,171.79878,-22.256098,-34.984756
1621523748053,94.268295,57.591465,-63.35366
1621523748053,60.03049,44.664635,-90.625
1621523748083,85.960365,8.109756,-138.81097
1621523748113,119.939026,0.21341464,-175.92989
1621523748113,146.53964,10.442074,-196.50916
1621523748143,171.31097,8.262196,-208.30794
1621523748173,195.24391,-11.478659,-211.875
1621523748175,212.34756,-28.490854,-208.65854
1621523748204,226.70732,-34.634148,-199.7561
1621523748232,240.12196,-28.323172,-185.74695
1621523748234,241.23476,-13.643293,-180.01524
1621523748263,227.0427,-9.740854,-195.1372
1621523748292,199.86281,-6.783537,-217.60672
1621523748294,168.21646,6.8140244,-231.31097
1621523748323,146.57013,8.871951,-230.32013
1621523748352,133.82622,19.832317,-181.55489
1621523748355,98.14024,47.484756,-71.03659
1621523748383,47.530487,30.899391,46.82927
1621523748413,-83.2622,30.716465,117.36281
1621523748413,-256.11282,122.576225,76.17378
1621523748442,-259.5122,185.59451,132.08842
1621523748472,-38.109756,16.60061,167.6677
1621523748472,2.7743902,9.146341,40.259148
1621523748502,12.728659,-24.893293,2.378049
1621523748532,28.490854,-28.993902,18.75
1621523748532,15.320123,-1.2652439,10.929878
1621523748563,4.1463413,17.987804,12.210366
1621523748593,5.8689027,0.625,9.039635
1621523748622,3.5518293,-1.4481708,4.7865853
1621523748624,2.820122,-2.7439024,3.4298782
1621523748653,0.5487805,-2.9268293,2.9268293
1621523748653,-0.5030488,-6.753049,1.4786586
1621523748682,-0.94512194,-8.795732,0.79268295
1621523748711,-0.5640244,-7.5,1.3109757
1621523748742,0.16768293,-6.3719516,1.4481708
1621523748742,0.7621951,-6.2042685,2.4542685
1621523748772,1.9817073,-5.381098,4.862805
1621523748804,2.820122,-3.8109758,6.112805
1621523748804,3.003049,-2.0884147,5.7164636
1621523748834,3.9939024,-0.7621951,7.8201222
1621523748864,5.4115853,1.0365853,10.792684
1621523748865,5.8384147,2.0731707,11.509147
1621523748893,5.8231707,2.682927,12.378049
1621523748922,5.807927,2.987805,15.106708
1621523748922,5.304878,2.8810976,18.795732
1621523748954,4.634146,2.1493902,22.804878
1621523748982,2.804878,1.1585366,26.234756
1621523748982,-1.6920732,-3.3841465,28.27744
1621523749014,-6.3414636,-9.664635,30.54878
1621523749042,-11.905488,-14.939025,34.05488
1621523749043,-23.368902,-16.295732,36.859756
1621523749073,-75.79269,-37.45427,53.048782
1621523749103,-191.84451,-36.036587,137.24086
1621523749103,-234.71037,-122.53049,166.75305
1621523749134,-304.48172,-154.87805,202.98781
1621523749163,-343.6433,-126.46342,244.77135
1621523749164,-396.37195,-70.48781,299.81708
1621523749193,-313.44513,45.243904,304.0854
1621523749222,-85.32012,31.417685,307.34756
1621523749224,-15.213415,41.32622,238.53659
1621523749253,-58.719513,104.57317,142.19513
1621523749282,127.301834,-42.088417,1.7378049
1621523749284,116.84451,-8.353659,-82.0122
1621523749313,46.05183,47.225613,-103.39939
1621523749344,48.536587,29.115854,-138.24695
1621523749347,91.722565,-1.5091463,-176.17378
1621523749373,128.70427,-10.396341,-196.02135
1621523749404,153.5061,-10.0,-201.9817
1621523749404,176.875,-18.963415,-204.35976
1621523749432,200.7317,-36.57012,-202.82013
1621523749462,215.57927,-47.362804,-193.78049
1621523749462,216.69208,-42.835365,-180.47256
1621523749492,205.99086,-23.810976,-169.55794
1621523749522,188.06403,-3.0182927,-173.6433
1621523749522,166.32622,3.8109758,-189.5122
1621523749553,150.88416,-4.10061,-195.70122
1621523749582,132.56097,-11.661586,-183.41464
1621523749582,101.371956,-9.878049,-140.28964
1621523749614,51.737804,8.628049,-56.737804
1621523749642,-1.6615855,15.243903,24.72561
1621523749643,-79.60366,-12.027439,64.618904
1621523749671,-303.0945,152.2561,41.692074
1621523749701,-363.76526,293.47562,44.786587
1621523749702,-30.899391,-45.85366,170.68597
1621523749731,88.58232,-63.59756,72.19512
1621523749761,-32.896343,59.05488,-5.990854
1621523749764,22.30183,-18.978659,1.9207318
1621523749793,6.737805,14.359756,0.80792683
1621523749822,-3.7042685,30.396341,9.72561
1621523749824,2.5457318,6.25,5.97561
1621523749853,0.36585367,4.984756,6.432927
1621523749883,-2.1341465,6.2347565,5.914634
1621523749883,-4.10061,6.387195,6.4939027
1621523749913,-4.6036587,3.4756098,6.890244
1621523749942,-4.6036587,0.5640244,5.487805
1621523749944,-5.182927,0.83841467,4.054878
1621523749973,-5.2134147,2.9115853,5.5487804
1621523750004,-5.015244,3.4908538,8.170732
1621523750005,-4.5884147,4.02439,9.832317
1621523750032,-4.268293,4.557927,10.670732
1621523750063,-4.1463413,4.771342,11.981708
1621523750063,-3.3384147,4.740854,14.039635
1621523750093,-2.3932927,4.268293,15.167684
1621523750122,-0.88414633,4.1920733,17.179878
1621523750122,0.65548784,5.304878,20.853659
1621523750154,1.7835367,6.4634147,24.17683
1621523750182,2.195122,4.3445125,27.621952
1621523750182,2.2256098,0.21341464,30.213415
1621523750213,1.1128049,-8.536586,28.094513
1621523750242,-5.396342,-18.55183,24.283537
1621523750243,-60.32012,-21.280489,41.189026
1621523750271,-153.32318,-33.27744,83.17073
1621523750302,-195.59451,-91.55488,103.79573
1621523750302,-235.2744,-121.06708,137.97256
1621523750332,-315.67075,-129.54268,196.875
1621523750362,-440.64026,-106.371956,243.46037
1621523750364,-445.12195,-101.371956,289.23782
1621523750394,-289.1311,-69.63415,315.1372
1621523750422,-109.25305,-84.10061,292.75916
1621523750424,-9.832317,27.439026,243.52135
1621523750483,-83.71951,158.2317,187.86586
1621523750483,156.61586,-41.09756,21.67683
1621523750484,158.2317,-6.112805,-77.118904
1621523750514,87.98781,44.878048,-102.54573
1621523750542,78.871956,21.67683,-140.85367
1621523750545,109.451225,0.015243903,-187.36281
1621523750573,141.57013,2.5762196,-217.75916
1621523750604,168.5061,9.131098,-229.63416
1621523750604,194.0244,0.92987806,-231.06708
1621523750632,219.19208,-15.884147,-227.62196
1621523750662,236.72256,-25.07622,-219.31403
1621523750662,243.27745,-29.283537,-211.89024
1621523750691,245.1677,-33.125,-208.09451
1621523750722,238.125,-21.158537,-209.90854
1621523750723,215.71646,-5.5487804,-221.96646
1621523750754,192.33232,-5.518293,-232.02745
1621523750782,177.43903,12.195122,-212.22562
1621523750782,152.36281,47.530487,-130.59451
1621523750813,88.67378,63.292683,-0.24390244
1621523750842,6.4481707,18.033537,89.893295
1621523750843,-141.1433,-35.518295,104.00915
1621523750871,-320.89938,166.5244,67.05793
1621523750901,-173.38416,12.743903,97.926834
1621523750932,69.435974,12.560976,89.95427
1621523750932,-28.00305,99.58842,1.7835367
1621523750962,0.77743906,-10.045732,-5.27439
1621523750994,1.0365853,2.210366,-10.990854
1621523750994,-6.3109756,27.759148,3.7195122
1621523751023,-3.5518293,7.9115853,-0.45731708
1621523751053,-2.5,1.2957318,-0.45731708
1621523751053,-4.740854,5.1067076,2.3018293
1621523751082,-4.862805,7.057927,3.4908538
1621523751112,-4.496951,6.387195,3.612805
1621523751113,-4.6036587,2.2256098,2.2713416
1621523751142,-5.4573174,-1.097561,0.22865854
1621523751172,-6.295732,-1.8902439,-1.1128049
1621523751173,-6.631098,-1.8140244,-0.71646345
1621523751203,-5.777439,-2.2256098,0.10670732
1621523751233,-4.679878,-0.71646345,1.8902439
1621523751233,-3.6737807,1.3414634,3.0640244
1621523751262,-2.7439024,4.1768293,5.381098
1621523751322,-1.6615855,6.52439,8.155488
1621523751323,-0.94512194,8.277439,9.695122
1621523751325,0.10670732,9.756098,11.082317
1621523751353,0.44207317,10.54878,12.195122
1621523751354,0.32012194,10.320122,12.881098
1621523751383,0.076219514,9.3902445,13.20122
1621523751412,-0.21341464,8.82622,14.405488
1621523751414,-0.6859756,7.4847565,16.417683
1621523751443,-1.2652439,4.862805,19.268293
1621523751472,-3.0182927,-0.5030488,19.95427
1621523751474,-5.8384147,-11.021341,19.314024
1621523751503,-12.240854,-26.067074,17.835367
1621523751532,-29.984756,-41.55488,25.259148
1621523751534,-58.048782,-51.20427,55.625
1621523751563,-122.210365,-59.45122,95.10671
1621523751594,-191.37195,-102.51524,103.38415
1621523751594,-264.9238,-150.60976,114.039635
1621523751623,-359.02438,-155.1067,156.93597
1621523751655,-389.1311,-123.38415,233.3994
1621523751655,-399.81708,-158.79573,258.49084
1621523751682,-170.64024,-88.551834,281.55487
1621523751713,-22.682928,-7.393293,336.0366
1621523751713,-38.55183,56.43293,267.10367
1621523751744,-25.564026,35.396343,168.03354
1621523751772,175.44208,-55.640244,33.216465
1621523751772,152.1494,8.551829,-43.140244
1621523751804,90.01524,51.448174,-85.45732
1621523751833,104.375,19.87805,-146.7683
1621523751833,150.85367,-14.679878,-198.65854
1621523751892,178.20122,-13.643293,-221.93597
1621523751893,193.6433,-6.25,-230.25916
1621523751893,213.2317,-6.615854,-233.35367
1621523751952,228.67378,-10.259147,-231.15854
1621523751953,236.03659,-7.1189027,-221.40245
1621523751956,236.67683,11.371951,-211.70732
1621523751983,226.92073,24.344513,-217.92683
1621523752012,216.43294,1.0670732,-228.0183
1621523752014,200.12196,-21.25,-209.92378
1621523752043,157.62195,-5.7012196,-128.03354
1621523752072,37.17988,65.10671,33.79573
1621523752075,-110.41159,31.82927,148.49086
1621523752104,-270.2439,219.78659,172.02745
1621523752132,7.3170733,107.91159,147.89635
1621523752135,7.14939,-16.417683,-9.969512
1621523752163,6.4786587,-20.47256,3.6737807
1621523752194,10.0,10.259147,2.0884147
1621523752194,-4.542683,38.44512,10.518293
1621523752223,-0.6859756,9.92378,3.2469513
1621523752255,-1.0670732,7.545732,4.0701222
1621523752255,-3.0945122,11.112805,7.22561
1621523752282,-5.2591467,10.411586,2.9725611
1621523752313,-4.5731707,6.920732,4.1920733
1621523752313,-4.3292685,3.125,5.2591467
1621523752343,-5.670732,1.0213414,2.195122
1621523752372,-6.097561,1.9512196,2.5304878
1621523752373,-5.929878,2.820122,4.8170733
1621523752403,-5.472561,3.5518293,6.631098
1621523752433,-5.121951,4.9390244,7.682927
1621523752433,-4.6951222,5.8384147,8.262196
1621523752461,-4.4664636,6.4481707,10.457317
1621523752491,-3.765244,7.393293,13.277439
1621523752492,-3.7957318,7.271342,13.963415
1621523752521,-3.7042685,6.280488,15.731708
1621523752552,-3.445122,5.655488,17.759148
1621523752553,-3.612805,6.0518293,21.234756
1621523752584,-4.496951,7.14939,28.67378
1621523752612,-6.265244,6.585366,36.036587
1621523752614,-9.893293,0.030487806,37.65244
1621523752643,-23.307928,-15.777439,33.216465
1621523752672,-59.17683,-30.396341,36.60061
1621523752674,-110.746956,-43.612804,57.850613
1621523752703,-148.78049,-70.15244,77.439026
1621523752732,-194.52745,-93.993904,98.15549
1621523752734,-262.4238,-104.48171,143.36891
1621523752763,-341.70734,-132.97256,189.90854
1621523752792,-393.9177,-132.80489,241.31097
1621523752792,-281.29575,-83.33842,302.92685
1621523752821,-103.018295,-50.609756,341.12805
1621523752854,-55.77744,-5.9451222,320.5945
1621523752854,-151.37195,152.83537,258.87195
1621523752912,-19.84756,62.164635,105.1372
1621523752915,140.77744,-32.45427,-61.509148
1621523752915,66.79878,43.887196,-97.04269
1621523752943,24.039635,58.262196,-110.18293
1621523752972,55.396343,26.661587,-148.44513
1621523752972,104.43598,6.753049,-181.70732
1621523753003,137.8811,10.365854,-199.2683
1621523753033,165.33537,8.185976,-210.07622
1621523753033,185.7317,-3.4298782,-213.67378
1621523753061,197.94208,-15.838415,-208.78049
1621523753092,205.625,-13.125,-200.21342
1621523753122,212.48476,-0.076219514,-190.07622
1621523753122,212.83537,9.344512,-188.04878
1621523753153,207.31708,11.295732,-200.625
1621523753184,188.15549,14.92378,-219.23781
1621523753184,164.11586,13.47561,-231.96646
1621523753213,147.37805,9.64939,-228.06403
1621523753244,126.996956,21.40244,-174.10062
1621523753245,80.65549,37.484756,-63.00305
1621523753273,4.02439,17.088415,48.55183
1621523753302,-212.85062,116.0061,109.72561
1621523753302,-319.1616,307.30185,120.54878
1621523753332,-69.801834,-35.53354,155.01524
1621523753362,57.942074,-270.28964,97.27135
1621523753362,0.6402439,27.97256,18.993902
1621523753394,25.97561,-8.064025,38.27744
1621523753423,26.783537,-14.375,20.106709
1621523753423,-6.2195125,43.5061,10.243902
1621523753451,-0.13719513,10.914635,10.990854
1621523753482,-2.362805,17.073172,10.792684
1621523753482,-3.948171,14.344513,8.460366
1621523753511,-4.64939,7.4542685,4.1768293
1621523753542,-3.902439,3.3993902,6.280488
1621523753545,-3.5365853,1.3414634,7.4390244
1621523753573,-4.3292685,-0.47256097,4.9237804
1621523753602,-4.3445125,-1.2347561,4.359756
1621523753604,-2.5914636,-0.15243903,9.481708
1621523753633,-3.765244,5.365854,8.978659
1621523753662,-3.1707318,6.615854,10.045732
1621523753664,-2.2865853,5.182927,11.219512
1621523753693,-1.4634147,6.4634147,13.597561
1621523753722,-0.4878049,6.9817076,15.868903
1621523753724,0.71646345,4.5731707,15.716464
1621523753753,2.378049,3.0640244,16.631098
1621523753813,3.445122,2.5914636,18.323172
1621523753813,4.72561,2.042683,20.121952
1621523753813,5.27439,0.83841467,21.112806
1621523753842,5.289634,-0.5640244,22.774391
1621523753843,6.158537,-8.185976,22.97256
1621523753871,1.6615855,-15.182927,20.899391
1621523753901,-7.3170733,-24.390244,16.417683
1621523753902,-25.731709,-37.362804,21.585367
1621523753931,-99.48171,-13.82622,54.923782
1621523753962,-146.18903,-42.073174,71.34147
1621523753962,-189.74086,-64.78659,99.87805
1621523753991,-243.9177,-103.52135,107.576225
1621523754022,-307.40854,-135.80792,137.07318
1621523754022,-405.94513,-150.54878,199.43597
1621523754051,-444.5427,-173.62805,258.03354
1621523754081,-353.06403,-24.512196,342.45428
1621523754082,-238.65854,76.70732,363.4299
1621523754112,-77.28659,-40.47256,281.25
1621523754142,-58.39939,-32.835365,193.65854
1621523754146,-40.457317,45.365856,94.28354
1621523754174,143.58232,-24.512196,-31.448172
1621523754202,105.32012,69.39024,-75.426834
1621523754204,77.393295,64.496956,-89.63415
1621523754233,110.518295,16.79878,-125.076225
1621523754262,147.71342,10.213415,-159.49695
1621523754264,168.6433,27.85061,-183.73476
1621523754293,195.86891,20.853659,-199.57318
1621523754322,227.37805,-7.5762196,-207.83537
1621523754325,245.82318,-24.634148,-208.52135
1621523754353,248.36891,-26.585367,-203.58232
1621523754384,241.92073,-10.457317,-188.125
1621523754384,221.98172,17.195122,-179.92378
1621523754413,195.44208,38.841465,-195.625
1621523754445,170.22867,52.45427,-220.39635
1621523754445,148.18597,53.567074,-238.85672
1621523754472,133.24695,35.457317,-244.1311
1621523754502,126.29574,16.371952,-207.11891
1621523754502,107.789635,27.057928,-92.42378
1621523754533,66.84451,25.060976,49.02439
1621523754562,24.72561,-3.75,126.96647
1621523754562,-56.082317,-18.246952,142.02744
1621523754593,-267.83536,146.0061,121.143295
1621523754622,-184.84756,165.48781,158.84146
1621523754623,15.868903,-173.15549,129.93903
1621523754651,4.771342,-125.21342,7.5914636
1621523754681,0.625,24.29878,10.533537
1621523754682,27.34756,-38.27744,8.338415
1621523754711,2.1189024,12.057927,3.8414636
1621523754741,1.1128049,10.731708,7.7591467
1621523754743,1.402439,-5.6859756,1.1432927
1621523754774,0.625,-8.567074,-1.0365853
1621523754802,-0.91463417,-7.637195,-2.6219513
1621523754804,-0.7621951,-6.768293,-1.6615855
1621523754833,0.39634147,-8.368902,-0.25914633
1621523754862,0.22865854,-7.012195,0.6859756
1621523754864,-0.44207317,-3.4908538,1.2804878
1621523754893,0.04573171,-3.1097562,1.9969512
1621523754922,1.0823171,-3.5975611,3.8109758
1621523754924,2.027439,-2.2560976,6.0670733
1621523754953,2.2713416,-1.25,6.6615853
1621523754983,2.9268293,-0.99085367,8.064025
1621523754983,4.2987804,0.47256097,11.417684
1621523755013,4.740854,1.7682927,14.268293
1621523755043,4.7865853,1.4939024,17.286585
1621523755043,3.0945122,2.3475611,19.832317
1621523755074,1.2042683,0.5945122,20.015244
1621523755104,-0.30487806,-0.7621951,19.969513
1621523755104,0.06097561,-2.4237804,20.564024
1621523755133,-0.24390244,-1.5243902,22.957317
1621523755163,3.612805,-3.582317,21.79878
1621523755163,-3.0182927,-4.1463413,24.786587
1621523755193,-24.939026,-1.6920732,37.60671
1621523755223,-39.771343,-18.323172,41.72256
1621523755223,-84.69512,-32.22561,52.82012
1621523755251,-142.3933,-65.71646,74.55793
1621523755281,-189.19208,-107.66769,98.689026
1621523755311,-240.74696,-138.04878,151.28049
1621523755312,-298.82623,-77.07317,225.53354
1621523755342,-324.07013,-82.256096,281.53964
1621523755345,-300.1677,-62.5,331.64636
1621523755374,-225.36586,-6.3414636,340.71646
1621523755404,-136.9817,87.65244,301.78354
1621523755433,-203.20122,210.77745,210.88416
1621523755433,-89.02439,71.768295,7.2865853
1621523755461,96.79878,-10.27439,-144.80183
1621523755491,65.625,63.262196,-135.39635
1621523755493,74.63415,75.15244,-120.960365
1621523755522,150.92989,33.32317,-148.61281
1621523755552,208.68903,15.060976,-173.04878
1621523755552,239.35976,21.082317,-188.07927
1621523755583,259.4055,23.155489,-201.78354
1621523755613,266.58536,23.55183,-211.3567
1621523755613,264.5122,25.533537,-215.7622
1621523755643,255.44208,34.786587,-222.68294
1621523755673,241.1433,40.884148,-242.2561
1621523755673,229.61891,26.615854,-266.15854
1621523755703,219.92378,-8.185976,-276.99695
1621523755733,192.07318,-39.862804,-249.98476
1621523755734,138.75,-56.98171,-123.79574
1621523755763,66.50915,-19.17683,70.868904
1621523755792,-99.039635,82.301834,207.33232
1621523755794,-319.74088,243.73476,188.30794
1621523755823,-66.722565,53.39939,133.65854
1621523755852,68.73476,-37.22561,20.228659
1621523755854,-28.460367,17.45427,-16.509148
1621523755883,20.42683,-7.865854,-7.057927
1621523755913,-6.539634,31.417685,3.0640244
1621523755913,-2.835366,15.35061,5.609756
1621523755943,-3.4756098,2.8658538,-3.8719513
1621523755974,-6.097561,6.9512196,4.1463413
1621523755974,-4.5884147,6.615854,4.557927
1621523756004,-3.9939024,4.740854,3.582317
1621523756034,-4.664634,0.015243903,3.902439
1621523756035,-5.4268293,-4.984756,1.2042683
1621523756063,-6.1737804,-7.027439,-1.1128049
1621523756092,-6.7073174,-6.9664636,-3.2012196
1621523756092,-6.2042685,-6.5091467,-2.3018293
1621523756122,-5.0914636,-4.359756,1.1128049
1621523756153,-4.862805,0.33536586,2.5
1621523756153,-4.710366,3.582317,3.5975611
1621523756184,-4.359756,4.039634,5.152439
1621523756213,-3.7804878,4.878049,7.77439
1621523756213,-3.3841465,6.585366,9.862805
1621523756242,-2.3475611,7.027439,11.189025
1621523756272,-1.6615855,6.2195125,13.185976
1621523756272,-1.7835367,4.634146,15.0152445
1621523756302,-2.9420733,2.4237804,17.286585
1621523756331,-3.582317,-3.0945122,20.670732
1621523756334,-8.948171,-6.905488,30.213415
1621523756363,-21.646341,-10.655488,41.371952
1621523756392,-41.067074,-13.04878,49.390244
1621523756394,-56.798782,-31.82927,45.32012
1621523756423,-131.0061,-42.286587,66.28049
1621523756452,-209.32927,-74.54269,100.18293
1621523756454,-258.5366,-143.26219,109.176834
1621523756483,-331.0366,-151.34146,152.36281
1621523756513,-372.94208,-145.48781,227.6677
1621523756513,-363.24695,-114.16159,282.75916
1621523756543,-313.35367,-6.585366,318.85672
1621523756574,-182.74391,-20.045732,301.58536
1621523756574,-66.23476,-40.32012,250.91464
1621523756604,-90.44208,78.33842,190.8994
1621523756634,94.7561,21.844513,76.631096
1621523756635,182.69818,10.716464,-25.533537
1621523756662,117.439026,65.685974,-49.60366
1621523756692,86.50915,40.243904,-75.41159
1621523756692,102.37805,12.713415,-121.57012
1621523756722,132.54573,19.29878,-162.17989
1621523756753,161.85976,28.82622,-186.32622
1621523756753,192.74391,16.82927,-198.82622
1621523756783,220.12196,-3.0640244,-202.82013
1621523756812,237.83537,-19.22256,-197.48476
1621523756813,244.00916,-31.234756,-190.3811
1621523756842,239.71037,-36.661587,-190.83842
1621523756871,227.3933,-32.789635,-205.82318
1621523756872,207.86586,-21.371952,-233.18597
1621523756903,190.2744,-15.97561,-255.45732
1621523756933,186.875,-3.277439,-247.13416
1621523756935,176.69208,15.091464,-186.85976
1621523756963,124.32927,35.22866,-44.817074
1621523756992,13.628049,45.685978,115.83842
1621523756994,-206.7683,62.637196,192.71342
1621523757023,-367.4695,68.09451,85.44208
1621523757052,-217.48476,-279.98477,106.75305
1621523757054,21.585367,-39.375,125.518295
1621523757084,-6.128049,102.91159,12.5
1621523757112,-8.75,1.0213414,5.960366
1621523757115,1.4329269,18.353659,5.807927
1621523757143,1.2652439,52.789635,27.957317
1621523757173,-2.1341465,27.271341,15.807927
1621523757173,-5.015244,6.25,0.10670732
1621523757204,-6.006098,1.0823171,-1.5396342
1621523757232,-6.402439,1.6310976,2.042683
1621523757232,-7.362805,3.3384147,4.1615853
1621523757262,-7.4390244,2.8963416,5.4115853
1621523757292,-7.545732,4.6951222,7.667683
1621523757292,-7.057927,6.143293,7.3323174
1621523757321,-6.875,3.9176831,4.0701222
1621523757352,-6.753049,0.45731708,1.9817073
1621523757353,-5.5487804,1.3414634,4.512195
1621523757384,-4.64939,6.8292685,7.9268293
1621523757413,-4.253049,11.32622,9.664635
1621523757413,-4.131098,13.094513,10.884147
1621523757442,-4.3140244,13.125,12.256098
1621523757472,-5.015244,12.454268,13.719513
1621523757472,-5.914634,11.814025,14.847561
1621523757501,-6.9359756,11.692074,16.585365
1621523757532,-6.3262196,12.652439,20.213415
1621523757535,-3.9634147,13.82622,24.25305
1621523757563,-1.0518293,15.320123,28.917683
1621523757593,1.6920732,14.481708,32.2561
1621523757622,0.77743906,11.310976,32.8811
1621523757623,-3.902439,6.3567076,31.996952
1621523757652,-15.411586,-5.8536587,27.393293
1621523757682,-41.219513,-22.97256,34.52744
1621523757683,-69.10061,-40.503048,69.95427
1621523757712,-132.04268,-51.768295,90.48781
1621523757743,-201.93597,-98.10976,90.09147
1621523757743,-286.81403,-122.8811,131.28049
1621523757773,-343.24695,-144.23781,194.98476
1621523757802,-329.90854,-89.039635,241.69208
1621523757802,-243.87196,-36.44817,289.5122
1621523757832,-122.77439,-38.59756,302.19513
1621523757863,-54.618904,-8.170732,264.3445
1621523757863,-85.625,23.064026,152.8811
1621523757893,8.932927,22.012196,3.4756098
1621523757923,67.46951,48.42988,-83.90244
1621523757925,22.865854,102.80488,-97.835365
1621523757954,39.207317,82.621956,-115.60976
1621523757982,94.69512,53.20122,-141.81403
1621523757984,143.14024,56.844513,-160.54878
1621523758013,178.17073,69.46647,-171.72256
1621523758043,206.60062,62.77439,-179.42073
1621523758043,229.25305,43.323174,-183.67378
1621523758074,243.76524,24.92378,-184.34451
1621523758102,254.05489,6.9512196,-184.22256
1621523758104,262.97256,-7.515244,-186.82927
1621523758133,258.9177,-11.570122,-197.62195
1621523758163,233.15549,-14.3902445,-221.50916
1621523758163,195.64024,-12.926829,-247.48476
1621523758194,164.16159,-25.609756,-263.84146
1621523758222,130.5183,-13.307927,-221.6311
1621523758252,80.07622,24.420732,-87.65244
1621523758253,24.893293,27.210367,50.53354
1621523758282,-82.881096,-26.859756,108.17073
1621523758283,-319.28354,77.14939,97.10366
1621523758313,-166.93597,110.79269,148.81097
1621523758343,109.375,-1.8445122,166.08232
1621523758343,-17.271341,55.18293,-6.9359756
1621523758373,14.634147,-25.50305,12.896341
1621523758402,8.39939,0.06097561,2.3018293
1621523758403,-4.9695125,36.737804,9.222561
1621523758432,-1.1128049,3.7042685,3.902439
1621523758462,-0.27439025,4.054878,7.77439
1621523758462,-2.2408538,9.375,7.362805
1621523758492,-3.1707318,9.314025,5.9451222
1621523758522,-3.2317073,5.8536587,5.5945125
1621523758525,-3.1554878,1.1280488,4.4512196
1621523758554,-3.4756098,-1.6920732,2.2256098
1621523758582,-3.9634147,-2.7591465,-0.25914633
1621523758584,-2.5914636,-4.4512196,0.8993903
1621523758613,-1.1737806,-3.7195122,3.3841465
1621523758643,-0.44207317,-0.38109756,5.4420733
1621523758643,-0.28963414,2.7134147,6.539634
1621523758674,-0.24390244,5.0609756,7.9573174
1621523758702,0.16768293,7.530488,10.746951
1621523758704,0.6402439,7.6219516,12.301829
1621523758733,2.2713416,4.756098,13.079268
1621523758762,2.9268293,2.027439,12.957317
1621523758762,2.5457318,2.057927,13.246951
1621523758791,2.698171,1.9817073,14.740854
1621523758825,2.5762196,2.042683,16.75305
1621523758826,3.0792685,-0.09146342,18.55183
1621523758853,-1.0365853,-1.2347561,23.064026
1621523758883,-7.3018293,-2.057927,30.625
1621523758883,-12.957317,-9.603659,34.466465
1621523758913,-31.509148,-20.259148,40.27439
1621523758943,-54.55793,-35.97561,49.25305
1621523758943,-107.6372,-28.978659,77.54573
1621523758973,-147.34756,-50.89939,84.222565
1621523759002,-175.7317,-95.19817,91.539635
1621523759002,-229.49696,-112.91159,117.33232
1621523759032,-303.27744,-96.34147,182.28659
1621523759062,-353.125,-90.746956,255.83842
1621523759062,-362.54575,-32.713417,326.25
1621523759091,-316.9055,-9.527439,352.3933
1621523759121,-130.24391,-57.45427,328.44513
1621523759124,-29.710367,12.530488,240.56403
1621523759153,-8.978659,29.070122,76.722565
1621523759183,126.28049,-68.125,-85.89939
1621523759184,45.487804,21.40244,-125.82317
1621523759213,32.02744,23.27744,-142.66768
1621523759243,100.77744,-15.381098,-181.21951
1621523759243,152.69818,-4.237805,-205.19818
1621523759273,180.12195,13.429878,-213.87196
1621523759302,205.86891,5.5640244,-219.22256
1621523759304,226.43294,-3.5975611,-219.00916
1621523759333,241.0061,-6.52439,-212.31708
1621523759365,248.85672,-3.2012196,-202.69818
1621523759365,243.59756,2.3475611,-200.625
1621523759393,222.69818,10.838415,-211.61586
1621523759423,193.03354,15.396342,-230.07622
1621523759423,168.46037,13.67378,-237.31708
1621523759452,134.14635,23.246952,-209.67989
1621523759482,64.63415,11.356708,-102.28659
1621523759484,-131.02135,49.405487,94.54269
1621523759513,-252.94208,98.33842,144.375
1621523759543,-199.11586,84.664635,123.21647
1621523759543,-64.801834,99.039635,79.98476
1621523759574,66.03659,-76.631096,26.615854
1621523759602,16.143293,-11.783537,0.625
1621523759602,14.954268,10.914635,0.076219514
1621523759632,5.8841467,19.634148,6.158537
1621523759662,6.9359756,14.832317,11.006098
1621523759662,5.533537,5.5640244,4.237805
1621523759692,3.125,5.487805,5.640244
1621523759723,0.9603659,3.887195,2.7743902
1621523759724,-1.3871951,1.9054879,0.99085367
1621523759751,-2.4695122,-2.027439,0.12195122
1621523759782,-3.0335367,-3.5975611,-0.6097561
1621523759813,-3.7804878,-2.7743902,-0.9603659
1621523759813,-4.283537,-1.7073171,-1.4329269
1621523759842,-4.131098,-2.1646342,-0.22865854
1621523759872,-3.6737807,-1.570122,1.7682927
1621523759872,-3.7957318,0.44207317,2.6067073
1621523759901,-3.5365853,1.9054879,3.5975611
1621523759931,-2.6067073,3.887195,7.0731707
1621523759932,-2.1189024,6.890244,9.756098
1621523759964,-1.8445122,8.506098,10.960366
1621523759992,-1.8445122,8.109756,12.57622
1621523759992,-2.5609756,6.8597565,13.521341
1621523760022,-3.2012196,4.405488,15.152439
1621523760052,-2.820122,0.0,16.966463
1621523760052,-4.1920733,-4.756098,17.332317
1621523760082,-6.539634,-11.996951,18.064024
1621523760112,-9.45122,-18.307928,18.170732
1621523760112,-19.496952,-24.908537,17.362804
1621523760141,-59.84756,-40.914635,23.064026
1621523760172,-133.26219,-37.164635,77.75915
1621523760174,-173.68903,-69.00915,97.71342
1621523760203,-246.6311,-120.16769,116.12805
1621523760233,-338.27744,-169.69513,137.01219
1621523760235,-355.25916,-161.67683,172.6067
1621523760264,-325.18292,-66.493904,243.62805
1621523760292,-253.85672,-38.612804,281.9055
1621523760294,-126.06708,-71.70732,275.68597
1621523760323,-55.167683,-47.591465,242.46951
1621523760352,-105.85366,69.939026,223.17073
1621523760353,110.67073,2.7591465,132.19513
1621523760381,255.57927,-46.509148,27.042683
1621523760414,185.56403,42.60671,-22.34756
1621523760414,140.19818,44.557926,-78.07927
1621523760442,136.73781,20.274391,-147.98781
1621523760473,151.60062,3.3384147,-199.31403
1621523760473,166.75305,5.35061,-223.2927
1621523760502,188.20122,10.259147,-228.5061
1621523760532,220.10672,7.378049,-222.91159
1621523760534,247.8811,1.3109757,-211.4177
1621523760563,250.77745,-2.0731707,-206.875
1621523760592,233.59756,-5.1067076,-219.5427
1621523760592,210.82318,0.06097561,-237.19513
1621523760622,194.77135,-20.640244,-249.17683
1621523760652,182.53049,-45.792683,-211.53964
1621523760652,140.65549,-8.841464,-87.54573
1621523760681,10.731708,41.463417,89.69512
1621523760712,-149.98476,113.07927,147.11891
1621523760715,-293.1555,110.88415,137.95732
1621523760743,-315.1677,75.564026,122.68293
1621523760772,33.003048,-159.42073,82.13415
1621523760774,65.381096,-21.95122,23.506098
1621523760803,0.35060975,6.920732,-2.6067073
1621523760832,32.271343,-14.542684,-7.637195
1621523760835,17.743902,20.884148,-1.0213414
1621523760863,2.4542685,21.844513,12.621951
1621523760892,5.015244,6.3109756,7.271342
1621523760894,2.2713416,4.2987804,4.710366
1621523760923,1.3871951,1.417683,2.667683
1621523760952,-0.35060975,3.3384147,4.115854
1621523760952,-1.4786586,0.4878049,3.125
1621523760981,-1.7378049,-4.420732,0.32012194
1621523761014,-1.8292683,-3.9176831,0.5792683
1621523761014,-2.1341465,-1.4786586,0.91463417
1621523761042,-2.317073,-0.6402439,0.35060975
1621523761072,-2.1493902,-0.6402439,2.2408538
1621523761073,-1.9207318,3.2164636,6.7987804
1621523761101,-1.3871951,6.920732,8.7652445
1621523761132,-1.2652439,8.018292,8.658537
1621523761133,-1.3262196,7.9115853,9.344512
1621523761163,-1.097561,8.506098,11.493903
1621523761193,-0.8231707,8.902439,12.682927
1621523761193,-0.79268295,8.20122,13.978659
1621523761222,-1.5853659,8.948171,17.37805
1621523761253,-2.652439,9.786586,21.478659
1621523761253,-5.472561,7.7286587,23.887196
1621523761281,-10.609756,0.6402439,24.375
1621523761341,-15.518293,-15.655488,23.231709
1621523761344,-33.414635,-25.57927,28.734756
1621523761344,-53.795734,-41.493904,32.667683
1621523761372,-91.66159,-52.789635,68.35366
1621523761373,-176.55489,-38.307926,120.7622
1621523761402,-242.65245,-68.71951,140.79268
1621523761431,-321.64636,-131.26524,154.40549
1621523761432,-377.6372,-133.04878,189.58842
1621523761461,-346.2805,-104.78659,246.72256
1621523761492,-257.36282,-140.83842,284.10062
1621523761493,-181.46342,-109.69512,286.4177
1621523761522,-62.5,-124.28354,258.32318
1621523761553,-23.719513,23.307928,208.2622
1621523761553,149.57318,13.231708,120.7622
1621523761583,242.07318,-8.643292,12.728659
1621523761615,170.96037,41.173782,-38.307926
1621523761615,120.64024,18.429878,-83.79573
1621523761643,102.77439,-1.6463414,-138.79573
1621523761672,110.32012,0.7621951,-186.89024
1621523761672,135.25916,8.246951,-220.64024
1621523761732,165.53354,3.5975611,-238.3994
1621523761734,190.0,-10.335366,-240.53354
1621523761734,206.79878,-26.40244,-229.32927
1621523761762,212.78964,-28.70427,-211.66159
1621523761792,213.76524,-20.274391,-193.75
1621523761793,211.34146,-11.234756,-189.5122
1621523761822,201.02135,-7.85061,-203.52135
1621523761852,184.11586,-3.4298782,-218.23172
1621523761852,177.78964,9.847561,-210.82318
1621523761881,178.90245,44.969513,-152.33232
1621523761912,138.87195,71.98171,-36.219513
1621523761915,11.189025,60.442074,73.33842
1621523761943,-273.0488,153.03354,107.95732
1621523761973,-426.32623,265.7927,72.45427
1621523762004,-288.79575,9.192074,125.121956
1621523762005,98.14024,-52.484756,82.393295
1621523762032,63.765244,-89.25305,-4.0701222
1621523762062,4.3292685,21.478659,11.844513
1621523762063,49.832317,-49.786587,-13.948171
1621523762092,19.405489,6.6615853,2.9420733
1621523762122,16.844513,-7.408537,0.51829267
1621523762124,13.338415,-15.442074,-3.5518293
1621523762153,8.658537,-15.243903,0.39634147
1621523762182,4.496951,-13.963415,-1.1128049
1621523762182,0.92987806,-9.054878,1.0213414
1621523762213,-0.77743906,-10.0152445,0.7012195
1621523762243,-2.3932927,-9.192074,0.71646345
1621523762243,-3.3841465,-6.417683,1.5853659
1621523762273,-2.4085367,-5.503049,2.9725611
1621523762303,-1.570122,-4.3445125,4.5731707
1621523762303,-1.3414634,-1.2804878,7.515244
1621523762334,-1.9054879,4.054878,10.137196
1621523762363,-0.71646345,3.0640244,10.884147
1621523762364,0.22865854,5.0914636,13.506098
1621523762393,0.9603659,6.8140244,15.884147
1621523762422,2.7134147,5.121951,16.371952
1621523762425,4.3445125,3.5213416,18.429878
1621523762454,4.405488,3.6585367,20.655489
1621523762482,3.0335367,4.359756,22.865854
1621523762484,0.5335366,3.6890244,24.664635
1621523762513,-4.8018293,1.9207318,24.375
1621523762544,-13.185976,-4.4817076,23.262196
1621523762544,-21.661587,-8.429878,22.698172
1621523762574,-16.783537,-8.978659,21.234756
1621523762603,-56.189026,-41.890244,11.95122
1621523762603,-176.49391,-80.79269,52.77439
1621523762631,-282.75916,-90.960365,89.10061
1621523762662,-379.48172,-164.90854,96.43293
1621523762663,-458.35367,-232.08842,171.89024
1621523762692,-446.25,-354.45123,272.36282
1621523762722,-318.6433,-54.832317,290.04575
1621523762724,-74.78659,76.493904,321.78354
1621523762753,-93.03354,23.567074,280.35062
1621523762782,-145.85367,35.594513,213.36891
1621523762783,55.32012,-13.064025,126.73781
1621523762813,232.6372,-43.42988,30.853659
1621523762843,173.99391,54.48171,0.27439025
1621523762843,136.73781,34.80183,-41.844513
1621523762873,150.36586,-6.5701222,-112.68293
1621523762903,176.9817,-26.783537,-171.47867
1621523762932,193.94818,-29.817074,-204.98476
1621523762935,212.43903,-32.896343,-226.81403
1621523762962,230.19818,-37.72866,-239.11586
1621523762964,242.5,-41.35671,-242.17989
1621523762993,254.5122,-31.25,-229.87805
1621523763023,262.97256,6.2195125,-204.92378
1621523763025,249.77135,52.484756,-197.1494
1621523763054,217.36281,82.80488,-214.66464
1621523763082,186.05183,97.621956,-231.99696
1621523763084,181.02135,89.98476,-222.59146
1621523763113,164.14635,63.46037,-151.95122
1621523763143,86.06708,9.771341,-17.317074
1621523763143,10.0152445,-44.95427,93.27744
1621523763203,-27.560976,-85.53354,111.6311
1621523763206,-225.68597,-0.015243903,89.039635
1621523763206,-310.82318,280.10672,113.35366
1621523763233,52.789635,-109.39024,145.3811
1621523763262,12.713415,-3.003049,3.1859758
1621523763262,-19.52744,-3.7195122,-3.5060976
1621523763293,3.6585367,-25.625,-12.57622
1621523763323,-3.1707318,34.420734,3.6737807
1621523763323,0.5335366,15.685976,6.0518293
1621523763353,1.1585366,-0.86890244,1.2042683
1621523763382,-0.73170733,3.1554878,1.6310976
1621523763382,-1.7530488,6.1737804,0.91463417
1621523763415,-2.652439,4.64939,0.88414633
1621523763443,-2.9420733,-0.32012194,-0.15243903
1621523763443,-3.4756098,-1.0060976,-0.38109756
1621523763473,-4.085366,0.85365856,-0.4878049
1621523763503,-3.3689024,2.0884147,1.4481708
1621523763505,-2.1189024,2.5457318,4.039634
1621523763533,-1.6006098,4.3140244,6.0365853
1621523763562,-1.5091463,4.1463413,5.777439
1621523763564,-0.7469512,4.0701222,7.271342
1621523763593,0.06097561,4.6951222,9.786586
1621523763622,0.06097561,5.2134147,10.823171
1621523763625,0.5335366,4.3292685,12.179878
1621523763653,1.0365853,1.7682927,13.643293
1621523763682,2.5457318,-3.4756098,15.320123
1621523763684,3.9939024,-9.64939,17.088415
1621523763713,4.756098,-12.195122,17.728659
1621523763742,3.0792685,-12.347561,19.664635
1621523763743,-2.5914636,-15.335366,25.045732
1621523763773,-26.646341,-13.841464,38.795734
1621523763805,-82.881096,-12.759147,63.292683
1621523763805,-125.97562,-25.716463,84.085365
1621523763832,-154.20732,-68.29269,90.85366
1621523763862,-221.11281,-98.018295,99.87805
1621523763862,-273.68903,-119.14635,120.868904
1621523763892,-342.77438,-91.50915,190.8994
1621523763924,-395.5945,-91.79878,249.83232
1621523763952,-355.60977,-36.890244,307.0884
1621523763954,-235.36586,20.518293,345.7927
1621523763982,-105.121956,61.417683,332.45428
1621523763983,-53.048782,76.70732,234.34451
1621523764013,-70.746956,83.03354,105.121956
1621523764043,118.414635,-53.064026,-51.143295
1621523764043,90.99085,18.07927,-111.951225
1621523764074,50.350613,55.792683,-127.71342
1621523764103,83.52135,26.067074,-162.27135
1621523764105,131.28049,3.9634147,-191.06708
1621523764134,167.11891,9.237805,-206.21951
1621523764162,196.73781,11.859756,-215.32013
1621523764164,224.39024,-9.054878,-220.39635
1621523764191,239.07013,-23.07927,-222.30183
1621523764222,242.07318,-18.384148,-215.21342
1621523764225,237.6372,2.4542685,-201.72256
1621523764253,217.27135,34.740856,-204.95427
1621523764283,191.32622,54.45122,-231.73781
1621523764314,165.83842,72.439026,-249.63416
1621523764314,151.43294,78.71951,-233.52135
1621523764343,136.38719,79.039635,-167.56097
1621523764372,91.631096,62.92683,-45.762196
1621523764372,31.844513,5.0914636,72.13415
1621523764402,-134.98476,-10.426829,135.94513
1621523764434,-337.92685,208.2317,133.65854
1621523764434,34.67988,66.06708,187.68294
1621523764464,31.356709,10.243902,13.551829
1621523764493,-3.140244,-37.22561,-20.060976
1621523764493,-0.65548784,-7.240854,-4.664634
1621523764523,-0.4878049,27.256098,8.993902
1621523764552,3.3689024,-2.378049,1.7378049
1621523764554,2.6067073,-8.993902,2.9115853
1621523764583,1.3414634,-2.5609756,4.527439
1621523764612,-1.097561,1.6158537,3.3536587
1621523764613,-1.3414634,-0.7469512,3.948171
1621523764644,-0.71646345,-1.9054879,6.021342
1621523764672,-1.1890244,0.22865854,5.8689027
1621523764674,-1.2957318,1.9664634,5.503049
1621523764703,-1.4786586,0.33536586,4.984756
1621523764732,-1.097561,-0.9603659,5.472561
1621523764732,-0.21341464,0.8993903,7.164634
1621523764761,0.35060975,2.4237804,8.064025
1621523764793,1.0213414,2.042683,8.384147
1621523764793,1.8902439,1.402439,9.496951
1621523764822,2.8506098,-0.10670732,10.792684
1621523764852,3.0945122,-1.722561,11.935976
1621523764853,2.8810976,-3.932927,12.881098
1621523764881,3.277439,-6.265244,14.862805
1621523764911,2.7591465,-7.7134147,16.509148
1621523764912,-0.8231707,-10.167684,16.509148
1621523764943,-10.731708,-13.262196,19.009148
1621523764972,-36.493904,-11.554878,34.1311
1621523764972,-72.02744,-16.875,48.307926
1621523765002,-132.94208,-29.832317,65.381096
1621523765032,-170.8994,-64.618904,83.368904
1621523765032,-233.27745,-96.21951,85.0
1621523765061,-315.0305,-123.018295,121.12805
1621523765091,-378.0183,-130.30489,179.95427
1621523765092,-379.00916,-135.79268,234.42073
1621523765123,-306.0061,-90.10671,283.5366
1621523765152,-202.46951,-23.689026,300.06097
1621523765154,-95.97561,-12.484756,276.37195
1621523765183,-44.740856,18.109756,232.6677
1621523765212,-91.89024,103.246956,163.49086
1621523765215,97.72866,-13.871951,23.170732
1621523765244,129.05489,6.6920733,-62.439026
1621523765273,67.19512,70.01524,-83.018295
1621523765274,48.719513,67.22561,-111.12805
1621523765332,63.963417,59.969513,-146.7683
1621523765336,91.935974,59.48171,-173.87195
1621523765336,119.35976,68.15549,-187.80489
1621523765364,146.82927,68.15549,-193.2317
1621523765393,172.89635,53.064026,-187.45427
1621523765393,188.81097,43.216465,-171.70732
1621523765423,200.42683,34.84756,-161.23476
1621523765452,204.8933,26.935976,-162.05794
1621523765454,194.84756,14.039635,-167.63719
1621523765482,178.14024,0.42682928,-174.08537
1621523765512,160.65549,-7.8201222,-180.77745
1621523765514,151.06708,-18.109756,-185.07622
1621523765543,144.84756,-32.97256,-188.0183
1621523765573,136.17378,-58.30793,-182.34756
1621523765573,125.60976,-64.664635,-142.31708
1621523765602,107.393295,-43.125,-57.073174
1621523765632,70.99085,-7.1951222,33.03354
1621523765632,21.387196,4.6951222,71.50915
1621523765662,-33.94817,-14.557927,58.59756
1621523765692,-154.77135,32.97256,45.27439
1621523765692,-268.6433,329.2988,53.734756
1621523765723,-39.893295,167.62195,188.75
1621523765752,-23.20122,-21.844513,89.64939
1621523765754,-12.942074,24.939026,28.82622
1621523765784,-1.1585366,-20.914635,41.52439
1621523765813,-6.8140244,1.4481708,9.070122
1621523765813,-5.625,14.603659,6.1737804
1621523765843,-1.8140244,-9.664635,3.3689024
1621523765872,-1.9817073,-8.445122,6.0823174
1621523765874,-3.0182927,-8.597561,4.4817076
1621523765903,-2.8810976,-13.810976,3.2469513
1621523765934,-2.9420733,-12.118903,6.8597565
1621523765935,-3.8719513,-8.963415,5.9451222
1621523765964,-4.268293,-7.8201222,3.3689024
1621523765995,-4.253049,-6.0670733,3.0335367
1621523765995,-3.277439,-1.8597561,6.4481707
1621523766022,-2.4542685,1.7835367,8.567074
1621523766052,-2.012195,2.4695122,8.841464
1621523766052,-1.9359757,3.140244,10.533537
1621523766083,-2.332317,3.5060976,12.012196
1621523766112,-2.9725611,3.0792685,12.713415
1621523766114,-3.6890244,2.6067073,13.780488
1621523766143,-5.0762196,2.332317,14.969513
1621523766172,-6.8445125,1.570122,16.021341
1621523766173,-8.719512,0.10670732,18.445122
1621523766203,-11.875,-1.7987806,22.957317
1621523766232,-14.161586,-4.634146,25.274391
1621523766232,-19.237804,-10.228659,25.396341
1621523766261,-26.463415,-21.158537,27.332317
1621523766292,-39.009148,-37.439026,29.984756
1621523766295,-71.06708,-57.10366,32.317074
1621523766323,-144.72562,-72.0122,44.969513
1621523766352,-199.95427,-96.47866,75.36585
1621523766354,-256.7683,-143.76524,109.29878
1621523766383,-332.4238,-135.74695,177.72867
1621523766412,-378.0945,-132.07318,227.10367
1621523766413,-384.57318,-76.60061,287.80487
1621523766443,-227.40854,-71.143295,316.4634
1621523766473,-141.49391,-27.362806,298.39938
1621523766503,-81.935974,14.375,245.15245
1621523766503,-78.993904,81.96647,150.39635
1621523766533,117.576225,22.743902,-4.512195
1621523766562,144.61891,39.28354,-81.25
1621523766562,84.81708,71.02134,-90.71647
1621523766592,96.493904,47.210365,-123.826225
1621523766622,142.42378,26.814026,-167.53049
1621523766623,180.96037,24.085367,-195.65549
1621523766654,212.07318,20.228659,-209.28354
1621523766683,239.83232,6.006098,-212.0427
1621523766683,258.7805,-13.445123,-210.44208
1621523766713,270.94513,-26.25,-207.91159
1621523766743,285.33536,-27.134148,-198.56708
1621523766744,280.77744,-5.929878,-186.69208
1621523766774,237.08842,25.97561,-195.88416
1621523766803,169.14635,47.40854,-229.0244
1621523766805,111.89024,55.518295,-257.1189
1621523766834,93.00305,61.371952,-242.27135
1621523766862,73.07927,71.06708,-150.54878
1621523766864,25.54878,30.853659,-5.152439
1621523766922,-21.631098,-24.771341,106.097565
1621523766926,-168.125,34.146343,140.65549
1621523766926,-241.1433,185.07622,154.40549
1621523766954,-123.460365,-134.19208,189.28354
1621523766985,-17.210367,-51.463417,57.957317
1621523766985,-0.21341464,37.423782,1.9664634
1621523767013,28.780489,-12.195122,18.765244
1621523767043,4.1615853,16.631098,4.64939
1621523767043,-2.362805,21.981709,6.585366
1621523767072,1.6006098,3.4756098,2.2713416
1621523767103,-0.7012195,3.7957318,2.1341465
1621523767104,-1.8292683,3.3384147,0.18292683
1621523767133,-1.875,2.835366,0.13719513
1621523767162,-1.3871951,-0.36585367,0.71646345
1621523767162,-1.2804878,-2.012195,1.417683
1621523767192,-2.5,1.5853659,2.317073
1621523767223,-3.6890244,4.878049,3.0487804
1621523767223,-3.8414636,5.2134147,3.5060976
1621523767253,-3.2164636,5.1067076,4.2987804
1621523767283,-3.2012196,6.539634,5.8536587
1621523767283,-2.5762196,7.6219516,6.890244
1621523767313,-1.9207318,8.125,8.04878
1621523767343,-1.3567073,8.7652445,10.27439
1621523767344,-0.45731708,8.551829,12.134147
1621523767373,-0.076219514,7.3475614,12.728659
1621523767403,0.88414633,5.121951,13.125
1621523767405,1.2652439,4.115854,14.146341
1621523767435,1.5548781,3.445122,16.20427
1621523767462,1.8902439,2.195122,18.231709
1621523767465,2.210366,0.92987806,21.40244
1621523767493,3.4756098,-4.4817076,23.82622
1621523767523,3.0792685,-9.573171,22.560976
1621523767523,0.36585367,-13.536586,19.573172
1621523767554,-6.2195125,-19.161587,17.22561
1621523767583,-42.423782,-25.243902,26.75305
1621523767583,-130.79268,-22.57622,66.539635
1621523767612,-167.91159,-66.25,90.01524
1621523767642,-194.6494,-116.768295,103.871956
1621523767644,-270.33536,-138.18597,143.17073
1621523767673,-363.10977,-138.52135,194.90854
1621523767703,-411.72256,-108.81098,260.625
1621523767703,-365.01526,-100.18293,321.7988
1621523767733,-185.97562,-14.740854,358.30792
1621523767763,-37.17988,15.091464,323.4604
1621523767763,-81.814026,78.62805,223.2927
1621523767792,14.283537,-5.304878,69.375
1621523767822,144.03964,-68.32317,-68.61281
1621523767823,60.94512,31.585367,-101.46342
1621523767851,51.189026,34.60366,-133.38416
1621523767882,110.076225,-2.057927,-185.92989
1621523767882,153.04878,0.015243903,-214.81708
1621523767912,179.66464,15.0,-225.1677
1621523767942,207.05794,7.0731707,-228.68903
1621523767943,232.95732,-12.118903,-223.62805
1621523767974,255.8994,-23.04878,-212.82013
1621523768002,269.4055,-19.054878,-207.31708
1621523768005,258.03354,-8.75,-212.94208
1621523768034,221.06708,-1.7682927,-232.74391
1621523768062,178.55183,-10.929878,-262.7439
1621523768065,151.78354,-45.198174,-283.49088
1621523768093,118.04878,-50.89939,-258.8872
1621523768122,66.097565,-27.34756,-140.21342
1621523768123,-25.47256,25.274391,57.042683
1621523768151,-267.95734,254.90854,168.9177
1621523768184,-335.99088,206.47867,119.11586
1621523768184,-20.198172,38.887196,192.5
1621523768213,31.432928,47.042683,48.948174
1621523768243,-3.5975611,-10.655488,-13.109756
1621523768243,25.853659,-30.060976,0.41158536
1621523768273,1.570122,27.881098,10.213415
1621523768303,0.92987806,6.9817076,3.902439
1621523768303,2.0731707,-3.7042685,0.7469512
1621523768334,-0.5487805,-0.77743906,2.9725611
1621523768362,-3.582317,4.862805,4.0701222
1621523768362,-4.405488,4.237805,4.542683
1621523768392,-3.445122,-1.4481708,4.390244
1621523768422,-3.7957318,-3.1097562,1.6615855
1621523768422,-4.1920733,-1.097561,2.0884147
1621523768451,-3.6737807,-1.0060976,2.2256098
1621523768481,-2.7439024,-1.7682927,3.1554878
1621523768482,-1.7987806,-1.3567073,4.4664636
1621523768513,-1.6158537,1.0823171,5.533537
1621523768543,-1.097561,4.6189027,8.064025
1621523768544,-0.5030488,6.890244,10.579268
1621523768574,-0.5487805,6.9817076,11.966464
1621523768602,-0.32012194,5.396342,12.926829
1621523768605,-0.10670732,3.5365853,13.033537
1621523768633,0.13719513,3.0945122,13.932927
1621523768662,0.38109756,2.9115853,16.40244
1621523768693,0.71646345,1.8597561,18.82622
1621523768694,-0.25914633,-0.36585367,19.512196
1621523768723,-2.4085367,-4.237805,20.106709
1621523768752,-5.792683,-8.414635,21.25
1621523768752,-13.125,-22.469513,23.795732
1621523768781,-57.987804,-36.05183,40.198174
1621523768812,-129.14635,-55.457317,65.25915
1621523768813,-175.50305,-100.1372,79.05488
1621523768843,-228.8872,-141.28049,87.36281
1621523768873,-325.8384,-154.77135,116.768295
1621523768873,-378.87195,-147.98781,160.68597
1621523768903,-388.9634,-122.31708,225.54878
1621523768932,-360.89938,-111.23476,288.6738
1621523768934,-192.6372,-64.40549,328.56708
1621523768964,-53.85671,-17.957317,297.16464
1621523768993,-84.11585,50.670734,211.6311
1621523768995,77.98781,-5.9451222,58.78049
1621523769024,175.04573,-24.542683,-61.57012
1621523769053,109.893295,41.387196,-82.07317
1621523769053,142.07318,10.731708,-135.12195
1621523769083,211.53964,-14.954268,-192.21037
1621523769113,243.75,4.1615853,-215.7622
1621523769113,260.70123,13.445123,-230.24391
1621523769144,280.7927,4.3292685,-245.91464
1621523769172,292.34756,9.984756,-253.14024
1621523769173,287.6677,24.314026,-257.83536
1621523769202,264.00916,43.643295,-272.5
1621523769232,236.99696,55.53354,-295.48782
1621523769232,230.28964,50.457317,-294.2988
1621523769262,201.17378,58.125,-203.67378
1621523769291,98.47561,21.387196,0.5335366
1621523769292,4.710366,9.496951,162.22562
1621523769323,-195.03049,57.65244,129.66464
1621523769353,-399.1616,370.42685,99.92378
1621523769353,-118.76524,-40.990856,187.0427
1621523769382,19.375,-46.52439,27.682928
1621523769412,6.0518293,-3.1707318,-2.9268293
1621523769413,12.682927,-7.896342,-8.887196
1621523769443,-0.18292683,28.414635,4.4512196
1621523769473,2.9268293,2.042683,1.1737806
1621523769473,-0.41158536,2.9268293,8.20122
1621523769501,-1.7987806,5.030488,9.557927
1621523769531,-3.5975611,6.4939027,8.109756
1621523769534,-4.253049,3.0487804,8.689025
1621523769564,-4.527439,0.7469512,11.036586
1621523769593,-4.771342,2.5,12.332317
1621523769595,-3.5670733,3.4756098,11.036586
1621523769623,-2.515244,2.2865853,10.228659
1621523769652,-1.9512196,2.2713416,11.128049
1621523769654,-0.91463417,4.375,13.7957325
1621523769683,0.015243903,6.7225614,16.570122
1621523769713,0.79268295,7.5,16.067074
1621523769713,1.2347561,9.131098,15.259147
1621523769744,2.0884147,10.533537,17.469513
1621523769771,2.195122,11.631098,21.143293
1621523769772,0.12195122,12.530488,26.20427
1621523769801,-4.10061,10.152439,30.868902
1621523769831,-10.807927,4.496951,33.5061
1621523769832,-24.192074,-0.24390244,38.018295
1621523769861,-31.905489,-12.103659,40.487804
1621523769891,-47.850613,-59.1311,31.75305
1621523769892,-149.17683,-66.310974,65.94512
1621523769923,-206.95122,-84.268295,82.82012
1621523769952,-266.2195,-109.40549,106.85976
1621523769953,-330.7927,-171.5244,176.66159
1621523769982,-402.2561,-138.24695,256.35672
1621523770012,-390.3049,-63.70427,337.2866
1621523770013,-213.33842,-59.771343,378.06403
1621523770042,-61.98171,-59.542683,344.6189
1621523770072,-82.19512,85.868904,276.93597
1621523770073,-120.44208,72.68293,111.25
1621523770102,77.27135,-40.960365,-110.59451
1621523770132,45.94512,25.167683,-153.14024
1621523770134,29.359756,30.457317,-147.16464
1621523770163,102.82012,-15.304878,-180.30489
1621523770192,163.20122,-16.737804,-211.26524
1621523770195,190.83842,2.2865853,-226.25
1621523770224,219.375,-11.478659,-236.89024
1621523770253,243.53659,-31.707317,-249.07013
1621523770253,256.95123,-29.314026,-245.48781
1621523770283,256.82928,-5.335366,-221.81403
1621523770313,237.89635,25.960367,-207.56097
1621523770313,202.62196,62.118904,-223.2927
1621523770343,161.38719,71.08232,-260.64026
1621523770373,132.6067,55.243904,-287.65244
1621523770373,119.939026,44.634148,-270.18292
1621523770402,-8.506098,74.07012,-123.30793
1621523770433,-235.97562,-120.335365,27.759148
1621523770433,-183.90245,-61.875,143.6433
1621523770463,0.92987806,276.29575,89.085365
1621523770493,85.426834,4.1615853,56.57012
1621523770493,19.237804,-20.42683,-10.0152445
1621523770523,7.042683,41.493904,14.801829
1621523770552,12.332317,31.905489,18.353659
1621523770552,3.5975611,6.905488,-0.9603659
1621523770582,1.570122,5.762195,1.6615855
1621523770612,3.2317073,7.4542685,6.0365853
1621523770613,1.570122,4.420732,4.7865853
1621523770642,0.15243903,0.6097561,4.664634
1621523770673,-1.097561,-1.0518293,4.893293
1621523770673,-2.2256098,-2.332317,4.009146
1621523770703,-4.039634,-4.4664636,2.210366
1621523770732,-5.7469516,-6.158537,0.030487806
1621523770734,-6.0823174,-6.25,-0.25914633
1621523770763,-5.8384147,-5.4420733,1.2042683
1621523770793,-5.3201222,-4.908537,2.682927
1621523770823,-4.1920733,-3.948171,4.4512196
1621523770823,-3.0640244,-2.5304878,5.8689027
1621523770852,-2.057927,-1.0365853,7.4542685
1621523770854,-0.51829267,0.71646345,10.121951
1621523770883,1.722561,2.8658538,13.079268
1621523770913,3.8414636,4.756098,15.35061
1621523770943,4.02439,6.25,17.57622
1621523770943,2.835366,6.387195,21.783537
1621523770973,-1.6768293,8.795732,30.060976
1621523771003,-10.533537,11.158537,38.064026
1621523771003,-19.618902,8.734756,42.393295
1621523771032,-32.911587,-0.86890244,42.682926
1621523771063,-56.67683,-20.50305,40.823174
1621523771063,-89.64939,-55.960365,47.134148
1621523771092,-196.03659,-49.512196,94.19208
1621523771122,-263.47562,-87.972565,95.25915
1621523771123,-320.32013,-133.2317,110.0
1621523771154,-390.19818,-129.2683,161.9817
1621523771182,-427.69818,-124.00915,220.18294
1621523771184,-373.3994,-114.63415,266.37195
1621523771214,-249.16159,-92.51524,292.0427
1621523771243,-106.326225,-133.71951,262.56097
1621523771243,-41.371952,-45.838417,224.43597
1621523771302,-35.807926,98.689026,159.34451
1621523771303,172.54573,-2.4237804,29.435976
1621523771307,143.56708,46.021343,-29.618902
1621523771334,77.835365,68.49085,-56.78354
1621523771363,75.97561,49.161587,-105.868904
1621523771363,105.60976,43.85671,-148.8567
1621523771392,141.23476,49.893295,-176.70732
1621523771422,174.58842,49.725613,-192.10367
1621523771422,203.41464,34.664635,-197.08842
1621523771452,229.31403,17.987804,-196.3567
1621523771483,243.65854,5.121951,-191.09756
1621523771484,255.80794,-9.771341,-189.35976
1621523771513,259.5122,-14.969513,-191.20427
1621523771543,249.19208,-9.085366,-197.74391
1621523771543,221.85976,11.158537,-212.08842
1621523771665,189.67989,24.72561,-226.95122
1621523771665,170.2744,21.189024,-222.0427
1621523771666,143.3994,15.121951,-171.96646
1621523771667,89.35976,-11.509147,-57.40854
1621523771667,-9.329268,-5.1981707,92.02744
1621523771668,-238.82622,115.50305,164.7561
1621523771693,-260.4116,105.80793,106.326225
1621523771722,38.216465,-65.19817,86.08232
1621523771724,-7.042683,38.689026,7.0884147
1621523771753,7.378049,-15.0152445,15.6402445
1621523771783,5.7164636,2.362805,5.5945125
1621523771785,-4.390244,19.375,6.417683
1621523771814,-2.7439024,-1.9664634,-1.1432927
1621523771843,-3.2317073,7.1189027,3.612805
1621523771843,-2.7134147,9.512196,3.948171
1621523771874,-3.5213416,7.698171,1.9664634
1621523771905,-2.7896342,5.8384147,5.0609756
1621523771905,-2.7286587,6.0670733,6.737805
1621523771934,-3.7347562,7.667683,5.35061
1621523771963,-3.75,7.393293,4.527439
1621523771963,-3.003049,5.670732,3.765244
1621523771992,-2.804878,3.9634147,2.012195
1621523772022,-3.0792685,4.115854,1.097561
1621523772023,-2.317073,4.2987804,2.5914636
1621523772053,-1.4329269,4.679878,4.2987804
1621523772083,-1.097561,5.6859756,5.9451222
1621523772083,-0.92987806,5.640244,7.378049
1621523772114,-0.83841467,4.3292685,8.7652445
1621523772143,-0.83841467,2.835366,10.030488
1621523772143,-0.39634147,1.097561,10.89939
1621523772173,0.39634147,-0.38109756,11.875
1621523772203,1.5548781,-2.179878,14.054878
1621523772203,2.2865853,-4.131098,16.341463
1621523772231,1.3719512,-6.615854,16.524391
1621523772261,-1.6158537,-12.134147,14.45122
1621523772262,-13.551829,-15.792684,20.045732
1621523772293,-39.923782,-16.40244,41.57012
1621523772322,-81.051834,-20.42683,64.39024
1621523772324,-120.18293,-26.356709,84.664635
1621523772353,-159.45122,-53.414635,90.88415
1621523772383,-207.5,-110.25915,84.20732
1621523772385,-265.47256,-114.29878,107.86585
1621523772413,-332.27136,-119.939026,167.51524
1621523772443,-397.56097,-123.414635,226.0061
1621523772443,-368.10977,-94.28354,283.93292
1621523772473,-228.30794,-79.32927,320.71646
1621523772505,-78.27744,-59.32927,306.15854
1621523772505,-93.78049,33.140244,246.46342
1621523772533,-78.00305,30.274391,95.71647
1621523772565,128.42989,-67.10366,-87.51524
1621523772565,80.19817,38.871952,-122.94208
1621523772592,67.53049,45.503048,-130.96037
1621523772622,141.92073,-8.689025,-175.28964
1621523772622,198.58232,-9.161586,-210.70122
1621523772652,220.1677,15.990854,-224.66464
1621523772683,237.51524,20.929878,-231.4177
1621523772684,259.86282,20.640244,-237.07318
1621523772714,274.93903,30.396341,-229.34451
1621523772743,281.1433,46.09756,-210.50305
1621523772743,276.11282,59.80183,-202.27135
1621523772772,260.77744,60.32012,-209.66464
1621523772802,231.64635,57.698174,-217.62196
1621523772802,192.92683,59.786587,-203.58232
1621523772831,127.24086,57.088417,-138.71951
1621523772862,-8.277439,31.12805,4.6951222
1621523772862,-242.42378,30.198172,186.95122
1621523772892,-405.45734,202.10367,177.1494
1621523772922,-42.530487,-173.44513,53.20122
1621523772923,79.939026,-27.317074,7.164634
1621523772953,-10.564025,24.679878,-0.015243903
1621523772982,21.509148,-14.29878,1.4939024
1621523772985,3.9786587,27.820122,10.853659
1621523773013,0.88414633,13.1402445,6.265244
1621523773043,1.0365853,3.292683,1.570122
1621523773043,-1.0670732,6.1890244,4.4817076
1621523773073,-2.2560976,4.131098,1.1737806
1621523773103,-3.003049,3.3689024,2.2560976
1621523773133,-3.003049,0.8231707,3.6585367
1621523773134,-3.5365853,-0.83841467,3.3841465
1621523773163,-4.4512196,-0.35060975,2.698171
1621523773193,-5.2439027,-0.076219514,1.5853659
1621523773193,-5.030488,-0.45731708,2.042683
1621523773221,-3.6432927,1.0670732,5.152439
1621523773251,-2.515244,2.2256098,6.631098
1621523773252,-1.6310976,2.012195,6.8597565
1621523773281,-0.42682928,2.9725611,8.948171
1621523773313,0.7012195,5.015244,12.027439
1621523773314,1.3414634,6.006098,13.353659
1621523773344,1.3414634,5.640244,14.222561
1621523773372,1.6615855,4.9542685,15.6402445
1621523773375,1.7073171,3.445122,15.884147
1621523773404,1.3414634,2.7439024,17.02744
1621523773432,-0.19817074,1.7378049,18.719513
1621523773434,-4.0701222,-0.51829267,21.493902
1621523773464,-9.070122,-4.557927,24.085367
1621523773492,-14.679878,-7.271342,28.231709
1621523773495,-15.685976,-18.018293,30.914635
1621523773524,-36.875,-31.920732,36.95122
1621523773553,-119.451225,-35.89939,60.92988
1621523773553,-165.96037,-59.146343,78.064026
1621523773582,-202.16464,-91.92073,79.20732
1621523773612,-262.57623,-104.40549,89.451225
1621523773613,-331.09756,-114.39024,122.393295
1621523773642,-369.84756,-110.27439,184.34451
1621523773673,-320.85367,-110.27439,244.2683
1621523773673,-279.90854,-119.7561,267.45428
1621523773703,-193.76524,-90.868904,275.6555
1621523773733,-45.365856,-90.88415,244.08537
1621523773733,-64.98476,34.984756,187.69818
1621523773763,29.25305,27.195122,103.18598
1621523773793,149.93903,-1.5243902,1.1737806
1621523773793,83.125,89.74085,-41.890244
1621523773821,50.685978,97.22561,-84.939026
1621523773852,78.94817,75.57927,-135.80792
1621523773852,125.289635,67.164635,-168.76524
1621523773882,158.46037,74.939026,-179.95427
1621523773912,190.28964,70.518295,-185.80794
1621523773913,219.39024,50.0,-186.3872
1621523773943,242.54573,25.518293,-184.07013
1621523773973,256.99695,12.073171,-183.94818
1621523773975,268.24695,-0.06097561,-180.35062
1621523774004,267.80487,-8.460366,-177.05794
1621523774032,250.41159,-6.737805,-185.3811
1621523774034,215.48781,-5.7317076,-207.07318
1621523774063,172.05794,-2.1646342,-223.75
1621523774092,136.44818,25.47256,-214.31403
1621523774095,98.67378,47.65244,-162.48476
1621523774124,40.609756,42.14939,-56.98171
1621523774152,-60.716465,28.765245,76.60061
1621523774152,-234.07013,135.74695,164.57318
1621523774182,-179.22256,-60.47256,153.67378
1621523774212,27.5,-47.8811,36.432926
1621523774213,-20.320122,38.048782,-18.521341
1621523774243,10.07622,-10.0152445,-6.646342
1621523774273,-0.5945122,12.134147,-3.4756098
1621523774273,-4.4817076,4.237805,-2.317073
1621523774303,-2.2408538,-5.625,-4.2987804
1621523774332,-2.0884147,0.94512194,0.015243903
1621523774332,-1.3871951,4.8323174,2.3932927
1621523774362,-1.5091463,7.7439027,7.1189027
1621523774393,-0.83841467,6.3567076,9.359756
1621523774393,-1.0518293,5.472561,8.551829
1621523774422,-2.4847562,4.9390244,6.875
1621523774451,-2.5762196,3.3536587,6.5091467
1621523774452,-2.0731707,3.4298782,6.768293
1621523774482,-1.0060976,4.908537,7.7591467
1621523774512,0.12195122,5.640244,9.283537
1621523774513,1.2804878,5.015244,9.3902445
1621523774543,1.4329269,4.3140244,9.557927
1621523774572,0.88414633,4.1463413,9.878049
1621523774575,0.79268295,3.1554878,10.914635
1621523774603,0.88414633,-0.42682928,10.792684
1621523774633,0.5030488,-4.756098,10.198171
1621523774633,0.44207317,-7.9573174,10.0152445
1621523774664,-0.5945122,-11.021341,10.807927
1621523774694,-4.268293,-12.301829,14.588415
1621523774695,-7.9573174,-14.862805,18.292683
1621523774724,-21.219513,-11.082317,32.02744
1621523774755,-40.060978,-1.9817073,51.25
1621523774755,-44.375,-11.79878,52.682926
1621523774782,-68.32317,-33.368904,48.963417
1621523774812,-152.7744,-51.47866,72.86585
1621523774813,-189.32927,-81.92073,89.14635
1621523774842,-233.125,-111.15854,95.82317
1621523774872,-322.89636,-126.70732,126.26524
1621523774874,-359.00916,-136.64635,178.20122
1621523774904,-352.19513,-170.5183,246.60062
1621523774932,-313.7805,-139.32927,273.44513
1621523774932,-235.56403,-34.69512,300.92987
1621523774964,-52.80488,-72.91159,264.8933
1621523774993,-69.23781,31.570122,219.42073
1621523774993,-19.862804,44.344513,130.50305
1621523775021,148.55183,-36.859756,-3.887195
1621523775052,80.18293,64.78659,-52.317074
1621523775052,44.298782,81.3872,-88.826225
1621523775082,88.61281,45.3811,-140.1067
1621523775112,148.24695,31.25,-178.81097
1621523775113,189.25305,41.082317,-199.71037
1621523775142,222.31708,43.292683,-214.22256
1621523775171,250.77745,33.567074,-226.89024
1621523775175,265.42685,26.478659,-230.41159
1621523775203,268.56708,26.920732,-222.37805
1621523775232,265.5183,36.036587,-213.14024
1621523775234,255.82318,45.32012,-221.06708
1621523775263,243.2622,41.021343,-241.09756
1621523775295,229.05489,42.789635,-242.51524
1621523775295,208.30794,73.597565,-198.87195
1621523775324,144.07013,65.39634,-106.189026
1621523775353,39.344513,20.960367,18.612804
1621523775383,-78.246956,-14.893293,114.7561
1621523775383,-323.56708,128.78049,129.07013
1621523775412,-226.96646,31.05183,134.25305
1621523775443,98.76524,-88.79573,98.61281
1621523775443,-25.274391,36.95122,-20.0
1621523775474,8.414635,-20.594513,3.9939024
1621523775502,0.41158536,12.271341,2.957317
1621523775504,-1.5091463,2.7286587,-0.5335366
1621523775533,-1.417683,-8.948171,-3.5975611
1621523775562,-2.3475611,-0.015243903,1.0823171
1621523775564,-1.3719512,-1.2804878,1.0670732
1621523775593,-1.6615855,2.042683,3.460366
1621523775622,-1.0670732,2.7439024,5.167683
1621523775625,-0.9756098,1.7530488,4.9390244
1621523775654,-1.0213414,1.3109757,4.253049
1621523775682,0.076219514,1.1890244,5.4268293
1621523775685,0.5030488,0.12195122,5.670732
1621523775714,0.36585367,-0.6402439,5.0914636
1621523775743,0.5792683,-0.36585367,5.670732
1621523775743,1.1280488,-0.15243903,7.240854
1621523775772,1.097561,-0.83841467,7.804878
1621523775803,1.4329269,-0.7469512,8.917684
1621523775803,2.698171,-0.9756098,10.945122
1621523775833,4.0701222,-0.77743906,12.987805
1621523775863,3.8567073,-0.10670732,13.658537
1621523775863,2.667683,-1.0518293,13.262196
1621523775892,0.91463417,-2.7896342,14.878049
1621523775922,-3.307927,-1.7378049,19.679878
1621523775922,-12.027439,1.5548781,27.560976
1621523775953,-19.618902,1.6615855,32.423782
1621523775983,-28.292683,-0.38109756,36.57012
1621523775983,-38.795734,-11.417684,44.009148
1621523776012,-77.621956,-27.545732,53.5061
1621523776042,-151.32622,-49.588417,65.73171
1621523776043,-212.45427,-72.926834,68.368904
1621523776072,-284.9238,-128.07927,71.189026
1621523776101,-353.62805,-152.37805,105.09147
1621523776106,-391.43292,-143.14024,158.78049
1621523776133,-415.9299,-169.63416,209.5122
1621523776162,-355.71646,-117.164635,265.56403
1621523776165,-115.41159,-70.060974,294.08536
1621523776193,-18.170732,-80.22866,251.55489
1621523776222,-37.393295,-17.835367,216.7683
1621523776225,-48.90244,64.939026,184.96951
1621523776253,156.81403,-18.643293,68.62805
1621523776283,160.30489,49.87805,-8.064025
1621523776313,91.69208,97.926834,-47.164635
1621523776313,73.84147,86.631096,-96.40244
1621523776343,97.118904,74.35976,-138.71951
1621523776343,131.47867,69.19208,-163.56708
1621523776372,164.35976,66.73781,-176.31097
1621523776402,195.39635,56.509148,-181.58537
1621523776403,219.34451,38.094513,-180.0
1621523776432,234.57318,13.963415,-175.18294
1621523776462,246.75305,-9.908537,-173.06403
1621523776463,254.74086,-24.283537,-172.02745
1621523776493,252.92683,-21.67683,-168.32318
1621523776523,237.37805,-9.207317,-166.64635
1621523776523,205.19818,0.5945122,-176.08232
1621523776554,170.09146,-5.625,-190.1067
1621523776583,149.375,-20.213415,-192.07318
1621523776583,130.09146,-30.716465,-162.63719
1621523776612,84.07012,-27.987806,-78.551834
1621523776642,25.213415,-0.27439025,32.667683
1621523776642,-84.16159,13.75,103.00305
1621523776673,-298.76526,221.70732,58.689026
1621523776702,-248.41464,212.19513,78.58232
1621523776704,-54.64939,-18.246952,191.4177
1621523776734,56.78354,-140.50305,46.859756
1621523776762,13.277439,-8.125,-9.009147
1621523776765,24.390244,-30.213415,3.8262196
1621523776793,13.246951,-0.8231707,4.02439
1621523776822,6.753049,15.091464,11.768293
1621523776825,8.185976,-2.2713416,5.015244
1621523776853,5.960366,-0.85365856,4.4664636
1621523776913,4.1920733,0.47256097,3.4756098
1621523776943,3.0487804,-2.2256098,1.2347561
1621523776943,2.4085367,-4.527439,2.3475611
1621523776947,1.0823171,-3.582317,2.8810976
1621523776947,0.22865854,-1.4481708,3.5365853
1621523776973,-0.4878049,-1.402439,2.8506098
1621523777002,-0.6707317,-3.7347562,1.5396342
1621523777002,-0.09146342,-3.292683,2.7134147
1621523777033,0.04573171,-1.2347561,3.7042685
1621523777064,0.32012194,-1.1890244,3.9634147
1621523777064,1.2347561,-0.09146342,6.1890244
1621523777093,2.1646342,2.042683,8.689025
1621523777122,2.698171,2.9420733,10.426829
1621523777124,3.5670733,3.125,12.560976
1621523777183,4.756098,3.8414636,15.060976
1621523777184,6.143293,2.4695122,16.32622
1621523777184,7.362805,2.3932927,18.27744
1621523777214,8.460366,3.6585367,21.295732
1621523777243,9.176829,5.1981707,24.72561
1621523777243,9.634147,4.893293,26.32622
1621523777272,8.277439,2.987805,26.432928
1621523777302,2.515244,-2.1341465,31.219513
1621523777303,-19.039635,-10.807927,44.17683
1621523777334,-39.771343,-19.740854,50.30488
1621523777363,-124.25305,-55.716465,82.210365
1621523777363,-220.5183,-87.576225,111.29573
1621523777392,-293.7805,-128.91768,127.89635
1621523777422,-352.16464,-151.15854,161.11281
1621523777422,-371.32623,-113.246956,200.28964
1621523777451,-347.82013,-66.06708,271.58536
1621523777482,-271.40244,-72.48476,304.375
1621523777483,-113.29269,-113.58232,286.09756
1621523777513,-80.54878,-31.539635,220.60976
1621523777543,-68.8872,87.301834,146.82927
1621523777574,110.076225,13.551829,24.817074
1621523777574,112.07317,54.146343,-49.90854
1621523777602,59.71037,82.27135,-75.625
1621523777633,71.84451,53.97866,-118.23171
1621523777633,120.868904,33.5061,-165.77744
1621523777662,156.89024,35.503048,-194.20732
1621523777692,185.57927,27.073172,-205.64024
1621523777693,217.0122,3.7804878,-210.70122
1621523777723,238.6433,-11.25,-214.93903
1621523777753,246.40245,-11.52439,-208.5061
1621523777812,247.2561,1.9054879,-189.58842
1621523777815,238.33842,31.859756,-175.32013
1621523777815,214.2683,64.60366,-179.81708
1621523777815,176.66159,73.597565,-198.84146
1621523777844,142.33232,57.97256,-212.75916
1621523777873,118.91769,49.32927,-197.45427
1621523777875,86.41769,33.734756,-146.25
1621523777932,37.515244,-4.405488,-57.57622
1621523777933,-18.506098,-23.20122,56.40244
1621523777935,-204.7561,62.118904,120.41159
1621523777963,-335.12195,301.06708,97.72866
1621523778022,-94.92378,-43.475613,121.92074
1621523778024,112.98781,-261.4634,-5.8689027
1621523778024,-25.030489,122.5,6.615854
1621523778052,28.00305,-10.731708,8.871951
1621523778054,9.588415,0.73170733,1.2652439
1621523778083,7.4847565,-4.878049,0.9603659
1621523778113,7.896342,-3.003049,4.496951
1621523778113,1.2195122,5.5640244,4.009146
1621523778143,-3.277439,4.756098,-1.9054879
1621523778175,-2.9725611,5.045732,2.1341465
1621523778175,-2.804878,2.4847562,3.0640244
1621523778202,-4.3140244,4.1463413,2.4847562
1621523778232,-4.253049,4.0701222,3.262195
1621523778233,-3.1097562,0.41158536,2.7743902
1621523778292,-0.92987806,-3.003049,3.2469513
1621523778294,-0.88414633,-2.012195,4.1920733
1621523778294,0.06097561,-2.1036587,4.9237804
1621523778323,1.5548781,-2.057927,7.7439027
1621523778412,2.195122,-0.6402439,9.939025
1621523778414,2.7743902,0.39634147,11.646341
1621523778417,3.262195,1.4939024,14.10061
1621523778417,2.682927,2.332317,15.716464
1621523778417,-5.0914636,16.189024,17.42378
1621523778443,-0.6859756,4.8018293,17.57622
1621523778473,-7.515244,9.969512,18.856709
1621523778475,-1.3414634,-1.6006098,20.47256
1621523778504,-0.44207317,-8.155488,22.088415
1621523778532,-1.0670732,-12.987805,21.585367
1621523778534,-2.7743902,-15.792684,22.37805
1621523778563,-0.7012195,-19.085367,27.34756
1621523778592,0.18292683,-28.856709,23.521341
1621523778594,-72.19512,-51.021343,37.22561
1621523778624,-144.78659,-60.792683,74.16159
1621523778652,-197.05794,-92.789635,81.73781
1621523778655,-243.96342,-119.86281,90.65549
1621523778683,-284.46646,-132.62195,110.960365
1621523778713,-335.09146,-136.17378,161.12805
1621523778713,-393.84146,-133.35367,217.89635
1621523778744,-381.05185,-86.03659,267.0884
1621523778773,-129.72562,-65.10671,304.20734
1621523778773,-41.0061,-97.65244,298.6433
1621523778802,-152.48476,-42.835365,218.0183
1621523778833,-35.3811,-6.9512196,102.8811
1621523778833,131.82927,1.2652439,-37.134148
1621523778862,85.960365,80.94512,-80.07622
1621523778893,57.957317,75.99085,-93.8872
1621523778893,100.960365,45.92988,-128.07927
1621523778924,161.38719,35.57927,-159.49695
1621523778952,203.2622,45.335365,-174.78659
1621523778953,236.46342,37.134148,-180.30489
1621523778982,261.7683,17.195122,-178.0183
1621523779012,277.14938,9.679878,-172.0427
1621523779013,285.5488,11.295732,-162.78964
1621523779043,288.56708,15.807927,-154.5427
1621523779073,276.43292,32.271343,-158.6433
1621523779075,242.53049,32.423782,-181.34146
1621523779132,204.55794,8.277439,-207.42378
1621523779133,175.625,-9.207317,-216.1433
1621523779135,135.41159,-21.265244,-191.06708
1621523779193,74.00915,-28.094513,-99.893295
1621523779193,17.881098,-7.6067076,34.115856
1621523779196,-26.981709,-9.039635,111.06708
1621523779223,-213.46037,35.960365,106.585365
1621523779252,-319.2683,317.40854,76.371956
1621523779254,76.89024,-137.57622,144.25305
1621523779282,96.40244,-114.46647,19.10061
1621523779315,-43.064026,87.60671,-0.36585367
1621523779315,8.993902,6.875,6.402439
1621523779344,4.664634,17.210367,-0.21341464
1621523779403,-0.77743906,25.121952,12.332317
1621523779433,0.030487806,7.8353662,6.60061
1621523779433,-1.8292683,18.658537,11.402439
1621523779437,-2.6067073,14.329268,4.756098
1621523779437,-3.5060976,10.152439,4.740854
1621523779462,-2.5457318,5.807927,7.179878
1621523779492,-1.3109757,2.9725611,6.295732
1621523779493,-1.5243902,3.612805,6.60061
1621523779524,-1.3567073,3.125,7.545732
1621523779553,-0.88414633,1.4634147,6.890244
1621523779553,-0.42682928,0.9756098,6.768293
1621523779582,0.15243903,0.25914633,8.170732
1621523779643,0.86890244,0.6402439,10.609756
1621523779643,0.99085367,1.6768293,11.509147
1621523779646,0.8231707,2.210366,12.881098
1621523779673,0.7469512,1.1280488,15.152439
1621523779675,0.79268295,-0.8993903,15.335366
1621523779704,1.1585366,-3.460366,14.64939
1621523779732,1.8597561,-4.512195,14.603659
1621523779734,2.7743902,-5.2286587,16.09756
1621523779763,4.679878,-7.804878,19.161587
1621523779792,6.3109756,-11.2652445,21.646341
1621523779821,5.533537,-16.20427,22.484756
1621523779822,0.19817074,-22.057928,22.591463
1621523779852,-8.1402445,-29.420732,23.490854
1621523779881,-36.798782,-29.893293,37.332317
1621523779882,-83.85671,-26.509148,57.53049
1621523779914,-130.91464,-41.310978,74.07012
1621523779943,-174.81708,-65.67073,98.29269
1621523779943,-215.57927,-110.564026,120.06098
1621523779972,-254.42073,-147.62195,141.53964
1621523780003,-311.53964,-154.25305,185.03049
1621523780003,-409.52744,-82.0122,243.87196
1621523780034,-382.60672,-20.15244,281.61588
1621523780063,-292.92685,9.45122,313.97867
1621523780065,-154.92378,-35.57927,280.01526
1621523780093,-71.051834,7.3475614,229.22256
1621523780122,-56.966465,140.03049,160.44208
1621523780124,147.80489,16.143293,80.88415
1621523780154,187.69818,17.469513,6.0365853
1621523780183,102.8811,77.02744,-33.414635
1621523780185,84.375,43.780487,-85.97561
1621523780211,98.597565,33.23171,-139.40549
1621523780242,131.29573,30.121952,-181.05183
1621523780242,159.14635,32.19512,-206.81403
1621523780271,177.10367,24.32927,-212.91159
1621523780303,193.44513,3.3536587,-206.7683
1621523780303,211.6311,-13.506098,-200.47256
1621523780331,225.30489,-22.012196,-199.32927
1621523780363,227.45427,-17.65244,-199.19208
1621523780363,228.81097,-15.35061,-198.70427
1621523780421,228.14024,-9.542684,-198.125
1621523780423,212.69818,-2.7591465,-200.7317
1621523780423,193.09451,-14.695123,-202.24086
1621523780452,163.53659,-9.161586,-184.69513
1621523780481,124.7561,-4.5884147,-136.79878
1621523780482,67.69817,-9.801829,-54.740856
1621523780543,-27.835367,17.896341,32.134148
1621523780543,-117.53049,15.70122,55.85366
1621523780543,-299.98477,81.41769,19.72561
1621523780573,-213.5061,266.09756,121.47866
1621523780602,55.137196,67.08842,163.56708
1621523780602,-34.512196,27.286587,-19.466463
1621523780631,26.920732,-18.490854,25.121952
1621523780661,-0.015243903,20.182928,11.204268
1621523780664,-1.5091463,16.448172,8.064025
1621523780692,1.9207318,-2.0884147,0.73170733
1621523780721,-0.86890244,-1.6920732,-3.6585367
1621523780722,-2.8506098,8.079268,3.003049
1621523780751,-3.0182927,6.0823174,1.2042683
1621523780781,-2.1341465,1.25,2.1646342
1621523780782,-2.4085367,-1.6158537,0.22865854
1621523780811,-2.8810976,-0.83841467,0.5487805
1621523780841,-3.0335367,-0.9603659,1.0365853
1621523780842,-2.835366,-1.3567073,1.1128049
1621523780872,-2.012195,-0.9603659,2.4695122
1621523780903,-1.0518293,-1.0213414,2.5914636
1621523780903,-0.10670732,-0.99085367,3.7804878
1621523780931,0.92987806,0.41158536,5.929878
1621523780963,1.8597561,2.9115853,9.10061
1621523780963,2.5,5.182927,12.073171
1621523780992,2.637195,5.9451222,13.612805
1621523781021,2.987805,4.64939,13.932927
1621523781022,2.1493902,2.9268293,12.530488
1621523781051,0.8231707,0.6402439,11.219512
1621523781081,-1.5853659,-0.22865854,11.875
1621523781082,-4.1920733,0.7012195,15.0457325
1621523781112,-7.5914636,1.4786586,18.643293
1621523781142,-11.478659,-1.8597561,20.640244
1621523781143,-15.213415,-13.658537,21.143293
1621523781173,-25.47256,-31.09756,24.771341
1621523781203,-73.84147,-40.457317,42.743904
1621523781203,-146.02135,-61.40244,53.536587
1621523781232,-204.46646,-92.13415,67.46951
1621523781261,-266.15854,-146.875,68.39939
1621523781264,-360.4116,-186.7683,92.77439
1621523781291,-426.44818,-212.45427,141.09756
1621523781321,-385.06097,-195.47256,212.65245
1621523781323,-196.1433,-115.625,300.28964
1621523781351,1.875,-132.74391,303.59756
1621523781381,-16.189024,-161.23476,282.82013
1621523781382,-152.56097,11.539635,247.51524
1621523781411,-104.847565,96.814026,121.493904
1621523781441,119.02439,34.359756,-55.213417
1621523781442,111.02135,84.10061,-93.90244
1621523781472,68.00305,101.6311,-84.35976
1621523781503,94.72561,73.185974,-111.64635
1621523781503,151.90549,58.42988,-146.72256
1621523781532,192.46951,59.298782,-161.40244
1621523781563,220.96037,52.14939,-164.28354
1621523781563,247.08842,36.417683,-167.62195
1621523781591,262.5,23.963415,-167.89635
1621523781622,271.35672,9.222561,-167.56097
1621523781622,272.68292,3.1859758,-170.7317
1621523781651,252.60672,5.5640244,-179.61891
1621523781682,218.23172,-0.83841467,-194.71037
1621523781682,174.86281,-8.612805,-209.00916
1621523781712,140.42683,-29.649391,-212.97256
1621523781742,108.8872,-38.048782,-187.92683
1621523781743,72.17988,-44.969513,-119.23781
1621523781773,31.25,-34.435978,-12.77439
1621523781802,-18.399391,-8.338415,73.71951
1621523781802,-122.85061,-11.554878,107.6372
1621523781832,-282.0122,61.57012,71.28049
1621523781861,-100.89939,304.67987,110.41159
1621523781863,118.643295,-34.207317,104.07012
1621523781891,-12.484756,-4.7865853,-15.198171
1621523781921,9.527439,13.932927,17.057928
1621523781923,0.22865854,28.262196,7.789634
1621523781952,-3.3993902,13.841464,3.262195
1621523782012,-1.3567073,4.679878,3.292683
1621523782014,-3.0487804,13.414635,7.8353662
1621523782014,-4.1920733,12.835366,6.5701222
1621523782042,-5.990854,13.734756,5.487805
1621523782071,-5.914634,13.993903,9.039635
1621523782072,-5.2286587,12.469513,9.161586
1621523782101,-4.679878,11.341464,9.192074
1621523782131,-4.740854,10.411586,9.588415
1621523782132,-5.0914636,8.064025,7.256098
1621523782162,-5.182927,5.4573174,5.182927
1621523782192,-5.045732,3.277439,4.6036587
1621523782192,-5.182927,2.4390244,4.878049
1621523782221,-4.740854,3.0487804,7.4237804
1621523782251,-4.8170733,3.3993902,8.67378
1621523782252,-4.9542685,2.5457318,9.481708
1621523782282,-4.7865853,1.7378049,11.036586
1621523782311,-4.496951,1.3567073,12.728659
1621523782313,-3.9176831,0.9603659,14.054878
1621523782341,-3.4298782,0.85365856,14.10061
1621523782371,-3.4908538,1.417683,14.695123
1621523782374,-4.878049,1.1890244,17.637196
1621523782402,-8.262196,-0.5335366,21.768293
1621523782431,-11.661586,-5.960366,24.375
1621523782432,-17.286585,-14.512196,26.692074
1621523782462,-31.554878,-24.740854,29.344513
1621523782492,-74.893295,-30.228659,40.243904
1621523782492,-144.86281,-43.27744,64.34451
1621523782521,-188.58232,-74.131096,80.36585
1621523782553,-236.57013,-108.71951,85.85366
1621523782554,-301.7988,-146.90549,92.36281
1621523782582,-395.7622,-185.64024,128.81097
1621523782613,-454.35977,-186.6311,196.11281
1621523782613,-355.35062,-129.2683,268.27744
1621523782642,-153.75,-112.80488,312.33234
1621523782673,-145.5183,-81.189026,300.12195
1621523782673,-109.10061,-25.746952,265.56403
1621523782703,6.387195,11.341464,147.71342
1621523782733,191.53964,-18.887196,7.85061
1621523782733,184.93903,31.631098,-45.335365
1621523782762,135.47256,49.87805,-64.35976
1621523782792,146.41768,31.387196,-118.30793
1621523782792,185.97562,24.84756,-176.46342
1621523782821,216.67683,30.670732,-210.32013
1621523782851,240.7622,27.728659,-224.6494
1621523782853,267.10367,11.60061,-227.10367
1621523782883,291.09756,2.8506098,-219.48172
1621523782912,296.73782,6.387195,-202.54573
1621523782915,281.98172,10.472561,-191.5244
1621523782943,249.8933,23.109756,-206.08232
1621523782973,208.52135,14.405488,-237.71342
1621523782975,174.20732,-17.606709,-252.40854
1621523783004,148.94818,-33.44512,-221.03659
1621523783032,98.30793,-37.012196,-114.83232
1621523783034,24.496952,-8.902439,43.414635
1621523783063,-124.54269,33.75,145.74695
1621523783095,-330.47256,197.11891,92.835365
1621523783095,-230.2744,123.414635,99.64939
1621523783124,202.3933,-148.32318,106.11281
1621523783153,24.740854,-60.823174,-36.493904
1621523783153,-4.4664636,-15.731708,-20.853659
1621523783183,49.25305,-22.134148,-4.527439
1621523783213,-1.6615855,-6.1890244,12.118903
1621523783213,0.51829267,1.1280488,7.5
1621523783243,-1.6768293,3.902439,2.3475611
1621523783273,-9.344512,9.710366,-0.36585367
1621523783273,-9.512196,11.875,5.6859756
1621523783304,-8.810976,9.908537,8.079268
1621523783332,-11.996951,7.0731707,1.0670732
1621523783332,-11.387196,5.4115853,0.86890244
1621523783362,-7.698171,5.8536587,4.283537
1621523783392,-7.4237804,8.231708,5.27439
1621523783392,-5.670732,9.359756,6.9817076
1621523783423,-2.835366,10.960366,10.487805
1621523783453,-2.4542685,11.067074,9.573171
1621523783455,-1.9207318,12.5,11.920732
1621523783483,-1.7682927,14.070123,15.396342
1621523783513,-1.7378049,13.033537,17.439024
1621523783514,-1.2804878,11.219512,19.893293
1621523783543,-2.4085367,10.335366,22.332317
1621523783573,-4.131098,9.984756,26.387196
1621523783575,-6.8292685,9.070122,29.512196
1621523783603,-10.213415,6.7225614,31.082317
1621523783632,-18.170732,3.7957318,32.8811
1621523783634,-28.262196,0.6859756,42.682926
1621523783663,-48.932926,-8.597561,60.060978
1621523783694,-63.55183,-27.34756,68.33842
1621523783695,-81.814026,-36.6311,91.11281
1621523783723,-125.25915,-57.80488,121.0061
1621523783754,-160.60976,-89.16159,150.13719
1621523783755,-183.68903,-104.268295,190.59451
1621523783783,-215.77745,-123.15549,240.7622
1621523783813,-271.18903,-129.7561,292.65244
1621523783813,-295.35062,-33.47561,322.59146
1621523783842,-256.92075,19.024391,333.76526
1621523783871,-161.99695,109.710365,271.2805
1621523783872,-164.74086,177.10367,100.7622
1621523783902,-85.0,115.746956,-88.27744
1621523783931,-20.807928,72.71342,-165.19818
1621523783932,-18.170732,71.539635,-135.3811
1621523783963,33.27744,59.52744,-114.176834
1621523783992,111.539635,39.67988,-116.75305
1621523783992,169.92378,35.792683,-124.48171
1621523784022,205.15245,36.98171,-137.8811
1621523784053,226.875,26.143293,-158.14024
1621523784053,241.82927,7.14939,-177.16464
1621523784084,249.8933,-6.631098,-188.61281
1621523784113,251.49391,-16.295732,-195.03049
1621523784115,240.19818,-17.332317,-203.79573
1621523784143,217.95732,-11.95122,-218.06403
1621523784173,184.03964,0.33536586,-236.75305
1621523784175,152.34756,-4.283537,-252.6677
1621523784203,130.41159,-8.292683,-249.42073
1621523784232,108.90244,8.567074,-199.40549
1621523784263,84.222565,25.685976,-89.77135
1621523784263,19.17683,28.20122,42.515244
1621523784294,-142.43903,88.91769,142.37805
1621523784322,-163.27744,268.125,129.69513
1621523784323,51.55488,87.04269,173.125
1621523784352,4.9237804,-11.280488,44.67988
1621523784382,31.478659,-32.362804,32.423782
1621523784382,40.015244,-1.7378049,36.44817
1621523784413,-5.7012196,40.640244,11.814025
1621523784444,2.7134147,15.27439,11.783537
1621523784444,1.9054879,10.70122,7.789634
1621523784473,-1.9512196,21.493902,10.746951
1621523784502,-2.2408538,16.280489,5.503049
1621523784504,-2.515244,4.009146,6.128049
1621523784533,-3.8109758,0.47256097,9.070122
1621523784563,-3.765244,7.027439,5.89939
1621523784565,-3.7042685,10.091464,7.9268293
1621523784594,-3.5670733,8.612805,8.20122
1621523784622,-3.5365853,6.265244,7.240854
1621523784625,-3.6890244,4.771342,6.2195125
1621523784653,-3.3536587,4.7865853,6.9969516
1621523784715,-2.5,5.929878,9.039635
1621523784715,-2.5457318,8.368902,9.542684
1621523784716,-2.4390244,8.963415,10.97561
1621523784745,-2.5,7.7286587,11.493903
1621523784745,-2.332317,7.271342,10.945122
1621523784773,-1.9054879,7.164634,11.189025
1621523784802,-1.6158537,7.1951222,12.621951
1621523784802,-2.5,8.871951,15.746952
1621523784832,-3.9786587,10.335366,18.810976
1621523784862,-6.295732,9.283537,20.899391
1621523784864,-9.664635,2.8506098,19.039635
1621523784894,-14.969513,-9.527439,15.762196
1621523784922,-42.164635,-25.640245,23.82622
1621523784923,-93.018295,-32.942074,51.95122
1621523784952,-118.03354,-63.170734,65.518295
1621523784982,-142.2561,-103.38415,75.44208
1621523784982,-177.94208,-115.73171,97.439026
1621523785012,-207.28659,-105.16769,126.951225
1621523785041,-235.12196,-85.289635,175.41159
1621523785044,-228.35367,-41.310978,239.19208
1621523785073,-255.35062,18.094513,284.14636
1621523785103,-192.43903,34.375,290.44208
1621523785104,-54.664635,42.835365,290.35062
1621523785133,-34.115856,90.54878,222.43903
1621523785163,-148.33842,112.56098,93.75
1621523785165,-54.60366,3.0640244,-70.09147
1621523785193,-25.945122,-1.7987806,-155.96037
1621523785222,-40.137196,31.12805,-163.5061
1621523785225,-4.542683,20.106709,-159.74086
1621523785253,52.57622,-9.054878,-152.74391
1621523785284,99.48171,-19.618902,-141.60062
1621523785284,129.31403,-11.981708,-139.57318
1621523785313,145.06097,-3.6890244,-146.37195
1621523785345,152.36281,-0.99085367,-153.36891
1621523785345,161.53964,6.417683,-157.8811
1621523785372,176.1433,8.079268,-162.92683
1621523785403,184.57318,7.3323174,-164.90854
1621523785403,176.21951,13.932927,-166.44818
1621523785432,152.16464,19.359756,-175.48781
1621523785463,117.972565,18.307928,-191.69208
1621523785463,88.58232,6.3262196,-203.8567
1621523785494,78.67378,-11.493903,-196.75305
1621523785522,77.10366,-17.515244,-156.46342
1621523785523,41.40244,-17.896341,-71.189026
1621523785553,-75.472565,6.4939027,53.07927
1621523785583,-268.2622,199.71037,164.8933
1621523785583,-53.734756,205.7317,177.31708
1621523785614,110.21342,-103.29269,38.490856
1621523785642,-40.457317,47.80488,-5.762195
1621523785643,37.45427,-17.408537,11.79878
1621523785674,45.182926,-13.643293,3.460366
1621523785703,5.807927,33.292683,11.067074
1621523785704,9.481708,7.4542685,8.932927
1621523785733,7.22561,-2.5762196,2.1341465
1621523785763,2.9420733,5.8384147,3.9786587
1621523785765,1.417683,2.1646342,-1.8902439
1621523785793,0.36585367,-4.527439,-4.2073174
1621523785822,0.030487806,-4.984756,0.30487806
1621523785824,-0.19817074,-5.35061,1.0365853
1621523785853,-0.44207317,-4.6189027,0.24390244
1621523785884,0.28963414,-5.533537,0.41158536
1621523785885,-0.6402439,-5.7317076,0.6707317
1621523785913,-0.77743906,-3.4146342,1.570122
1621523785943,-1.0518293,-0.5792683,1.9359757
1621523785943,-0.88414633,0.6707317,3.125
1621523785972,-0.44207317,1.8292683,5.167683
1621523786002,-1.3719512,2.8658538,5.4115853
1621523786003,-1.4939024,2.8810976,6.006098
1621523786062,-1.2957318,3.6890244,6.753049
1621523786064,-0.5030488,1.8902439,6.890244
1621523786064,-0.99085367,0.94512194,7.9115853
1621523786094,-1.8597561,0.7621951,9.878049
1621523786153,-0.625,-3.902439,11.478659
1621523786153,-0.09146342,-6.7073174,13.018293
1621523786156,0.5640244,-9.10061,16.981709
1621523786183,-0.076219514,-10.060976,23.993902
1621523786183,-2.6219513,-13.277439,27.057928
1621523786213,-8.429878,-19.039635,29.22256
1621523786242,-19.435976,-20.442074,31.72256
1621523786246,-39.69512,-29.649391,27.530489
1621523786274,-86.02135,-40.564026,58.094513
1621523786302,-144.51219,-54.55793,99.375
1621523786304,-179.52745,-108.58232,114.176834
1621523786333,-214.0244,-129.96951,119.10061
1621523786363,-234.49696,-134.61891,149.43597
1621523786365,-264.23782,-167.05794,202.48476
1621523786394,-304.7866,-142.8811,263.0488
1621523786422,-255.24391,-26.82927,309.23782
1621523786425,-137.65244,14.344513,320.4116
1621523786453,-110.03049,-7.987805,321.4939
1621523786483,-112.07317,41.585365,231.46342
1621523786513,23.353659,68.61281,93.56708
1621523786513,172.97256,-4.9237804,-40.15244
1621523786543,120.10671,39.52744,-81.41769
1621523786573,84.19208,31.646341,-102.82012
1621523786573,98.643295,17.30183,-138.8567
1621523786603,129.72562,15.503049,-170.60976
1621523786633,158.14024,17.865854,-191.81403
1621523786633,181.7683,14.893293,-204.84756
1621523786663,202.08842,-0.35060975,-204.84756
1621523786692,218.73476,-13.1402445,-194.84756
1621523786694,237.82013,-20.365854,-180.21342
1621523786724,254.60367,-16.463415,-164.77135
1621523786753,252.16464,-2.667683,-158.93294
1621523786755,219.6494,6.5701222,-169.78659
1621523786784,166.50916,0.22865854,-187.97256
1621523786813,70.19817,-0.94512194,-168.70427
1621523786813,-38.125,-41.173782,-112.71342
1621523786843,-119.02439,-63.39939,-1.2804878
1621523786872,-187.94208,169.8933,77.14939
1621523786873,-62.073174,-74.176834,78.09451
1621523786902,72.60671,-45.060978,31.371952
1621523786932,84.63415,-0.24390244,28.70427
1621523786932,-4.984756,80.564026,6.8292685
1621523786962,-0.09146342,37.393295,0.25914633
1621523786992,4.496951,12.865854,-11.356708
1621523786993,3.0945122,18.90244,5.030488
1621523787023,0.12195122,7.1189027,1.1432927
1621523787053,-2.0884147,4.72561,-1.6158537
1621523787112,-0.99085367,8.170732,1.7682927
1621523787118,-0.6097561,4.862805,-1.3262196
1621523787118,-1.2652439,0.99085367,-0.39634147
1621523787118,-1.8292683,1.417683,3.765244
1621523787143,-1.9359757,2.957317,4.405488
1621523787173,-1.7987806,2.2408538,3.2164636
1621523787173,-1.7378049,0.24390244,2.2865853
1621523787203,-0.79268295,-0.36585367,2.804878
1621523787233,-0.13719513,-0.39634147,2.4237804
1621523787233,-0.076219514,0.47256097,3.0335367
1621523787263,0.32012194,2.8963416,5.8689027
1621523787322,-0.28963414,5.8689027,8.39939
1621523787323,-1.1890244,7.667683,10.335366
1621523787323,-1.8140244,8.810976,12.210366
1621523787352,-1.6158537,8.612805,13.82622
1621523787355,-1.8445122,8.277439,14.512196
1621523787413,-2.2713416,8.018292,15.137196
1621523787413,-3.5518293,8.7652445,16.40244
1621523787416,-5.0914636,9.237805,18.47561
1621523787562,-6.9664636,8.490854,19.939024
1621523787564,-11.661586,7.408537,20.121952
1621523787564,-15.07622,-0.8993903,18.643293
1621523787566,-19.481709,-12.881098,19.146341
1621523787570,-31.935976,-28.887196,18.917683
1621523787570,-69.801834,-54.95427,20.564024
1621523787592,-133.99391,-78.09451,68.52134
1621523787594,-222.53049,-95.22866,128.52135
1621523787595,-271.0366,-122.789635,158.35367
1621523787623,-301.75305,-96.69208,179.00916
1621523787653,-370.60977,-90.44208,207.91159
1621523787653,-408.61282,-89.52744,246.79878
1621523787684,-250.19818,-102.48476,265.0305
1621523787713,-116.0061,-72.71342,261.47867
1621523787713,-81.34147,19.679878,195.56403
1621523787743,58.612804,43.414635,119.20732
1621523787773,207.82013,-9.603659,45.411587
1621523787773,159.17683,63.948174,8.795732
1621523787804,107.40854,66.69208,-21.143293
1621523787833,101.326225,45.045734,-75.44208
1621523787833,118.18598,36.463417,-126.93598
1621523787863,139.58842,33.94817,-158.17073
1621523787892,158.67378,31.189026,-173.49086
1621523787894,177.85062,16.234756,-181.3567
1621523787923,196.28049,-1.6006098,-186.32622
1621523787953,208.65854,-14.115854,-184.20732
1621523787955,216.70732,-22.34756,-175.59451
1621523787983,217.34756,-19.29878,-165.60976
1621523788013,208.24696,-4.9237804,-164.43597
1621523788013,184.90854,10.137196,-175.82318
1621523788043,155.96037,13.384147,-188.52135
1621523788074,132.59146,8.003049,-189.00916
1621523788075,107.95732,-2.210366,-169.84756
1621523788103,73.04878,-8.125,-126.08232
1621523788134,38.246952,-16.79878,-50.289635
1621523788134,-0.24390244,-11.295732,36.021343
1621523788163,-35.85366,-28.841465,84.314026
1621523788193,-174.95427,-2.179878,90.472565
1621523788193,-311.96646,210.7927,56.615856
1621523788222,37.042683,138.55183,152.65244
1621523788253,94.58842,-107.86585,25.121952
1621523788254,-24.679878,47.164635,-3.1097562
1621523788283,22.804878,11.585366,16.417683
1621523788313,1.4939024,14.466464,2.652439
1621523788313,-2.3018293,14.710366,5.0609756
1621523788343,2.4542685,6.753049,5.990854
1621523788373,-3.0792685,16.371952,6.25
1621523788373,-4.9237804,13.39939,2.7896342
1621523788404,-2.7286587,5.335366,1.0213414
1621523788433,-2.362805,2.332317,1.9359757
1621523788433,-3.9634147,2.2408538,0.77743906
1621523788463,-5.2286587,4.054878,3.003049
1621523788493,-5.762195,3.3689024,3.612805
1621523788494,-6.8292685,2.6067073,2.7286587
1621523788524,-4.3140244,1.6463414,3.2164636
1621523788551,-3.445122,2.2560976,4.131098
1621523788553,-3.262195,3.460366,5.7164636
1621523788583,-4.253049,5.518293,7.1189027
1621523788613,-1.8445122,4.496951,7.652439
1621523788613,-1.25,3.9634147,9.512196
1621523788643,-0.9756098,3.6737807,11.371951
1621523788705,-0.13719513,1.6006098,12.317074
1621523788705,-0.015243903,-0.19817074,12.987805
1621523788706,-1.6920732,-0.09146342,15.0152445
1621523788733,-1.5548781,-1.2347561,18.353659
1621523788733,-2.027439,-1.4939024,22.22561
1621523788762,-5.8841467,-0.8993903,25.564026
1621523788792,-8.719512,-5.167683,29.481709
1621523788823,-5.0609756,-20.716463,32.423782
1621523788823,-29.634148,-38.65854,40.10671
1621523788853,-125.77744,-40.503048,68.810974
1621523788882,-174.7561,-79.16159,81.47866
1621523788884,-224.6494,-102.0122,87.05793
1621523788913,-298.90244,-118.5061,100.426834
1621523788942,-370.0305,-149.45122,144.25305
1621523788943,-425.19818,-176.05183,205.21342
1621523788974,-398.9939,-146.73781,257.59146
1621523789002,-199.8933,-124.314026,305.625
1621523789004,-104.14635,-144.90854,279.66464
1621523789033,-84.085365,-82.164635,267.85062
1621523789064,-64.46646,78.30793,201.84451
1621523789065,180.0,-0.30487806,49.344513
1621523789094,181.96646,45.884148,-29.359756
1621523789123,100.97561,73.96342,-53.59756
1621523789123,100.67073,38.612804,-104.496956
1621523789153,132.74391,36.036587,-153.03354
1621523789182,160.12195,49.375,-177.05794
1621523789183,187.8811,46.98171,-186.29573
1621523789213,216.44818,28.445122,-189.34451
1621523789243,241.53964,10.838415,-186.84451
1621523789272,260.22867,-2.5304878,-179.8933
1621523789274,266.60062,-11.52439,-169.2683
1621523789302,256.43292,-14.115854,-165.53354
1621523789303,235.01524,-14.908537,-178.94818
1621523789332,206.75305,-18.460367,-199.86281
1621523789362,175.54878,-17.30183,-209.78659
1621523789363,141.64635,-13.094513,-205.07622
1621523789391,108.42988,-13.39939,-172.19513
1621523789422,70.41159,-17.088415,-98.21647
1621523789422,-9.02439,-21.310976,19.557928
1621523789452,-164.71037,126.47866,122.164635
1621523789482,-296.02136,217.45427,76.64635
1621523789485,-200.33537,284.98477,97.118904
1621523789513,107.07317,-32.85061,100.44208
1621523789542,-12.804878,13.978659,-8.917684
1621523789545,37.240856,-37.80488,15.945123
1621523789574,15.914635,-13.231708,9.664635
1621523789602,-1.6615855,3.0792685,8.658537
1621523789605,8.67378,-19.618902,3.902439
1621523789633,3.9634147,-6.2042685,3.4298782
1621523789665,0.88414633,-2.8810976,2.6219513
1621523789665,-0.39634147,-0.35060975,2.987805
1621523789693,1.1128049,-2.4390244,6.0365853
1621523789724,-0.5792683,-2.804878,3.9939024
1621523789725,-2.637195,-1.1128049,3.0792685
1621523789752,-2.317073,-1.9512196,3.8567073
1621523789782,-1.722561,-3.4756098,3.7195122
1621523789782,-0.8231707,-3.4298782,4.4817076
1621523789812,0.22865854,-2.8810976,5.5640244
1621523789842,1.9969512,-2.9115853,7.2865853
1621523789844,3.1097562,-1.5853659,9.070122
1621523789873,4.0701222,-0.99085367,10.564025
1621523789903,5.640244,-1.1890244,12.682927
1621523789903,7.682927,-1.7530488,15.70122
1621523789932,9.222561,-2.1341465,17.667683
1621523789963,10.106708,-2.057927,18.414635
1621523789963,10.823171,-0.33536586,20.320122
1621523789994,10.182927,2.4695122,23.536587
1621523790023,7.057927,5.0609756,25.640245
1621523790023,3.6585367,1.6310976,25.929878
1621523790053,-3.445122,-2.2713416,28.506098
1621523790083,-4.8323174,-3.765244,30.746952
1621523790084,-12.408537,-6.0518293,31.661587
1621523790114,-85.89939,-43.246952,36.0061
1621523790142,-162.72867,-61.814026,69.45122
1621523790143,-207.8811,-90.35061,72.22561
1621523790174,-273.10977,-107.77439,85.80793
1621523790202,-337.56097,-138.27744,109.63415
1621523790204,-403.9177,-153.41464,158.58232
1621523790233,-439.5122,-200.09146,212.33232
1621523790263,-311.7988,-116.64635,258.7195
1621523790263,-166.05183,-64.63415,277.51526
1621523790293,-91.92073,-42.65244,262.27136
1621523790323,-92.69817,24.786587,230.12196
1621523790323,4.771342,46.067074,160.04573
1621523790352,229.07013,-79.40549,47.759148
1621523790383,186.50916,4.0701222,-11.189025
1621523790383,117.621956,30.77744,-50.50305
1621523790412,99.60366,26.554878,-108.414635
1621523790443,112.59147,29.375,-160.70122
1621523790444,141.66159,23.323172,-194.08537
1621523790473,171.46342,19.542683,-213.06403
1621523790503,198.21646,12.057927,-218.75
1621523790503,219.17683,-2.5304878,-209.43597
1621523790532,236.20427,-16.006098,-192.56097
1621523790562,248.58232,-17.362804,-174.78659
1621523790562,248.71951,-6.890244,-159.8933
1621523790592,233.71951,1.1128049,-160.07622
1621523790622,201.18903,4.5731707,-173.5061
1621523790622,159.71037,-7.9725614,-189.49695
1621523790652,127.95732,-26.905489,-193.52135
1621523790682,97.82012,-32.865856,-174.1311
1621523790684,60.609756,-35.121952,-117.24086
1621523790713,13.277439,-24.420732,-19.45122
1621523790742,-75.82317,-0.6707317,76.57012
1621523790743,-283.9939,222.36281,86.08232
1621523790774,-263.76526,345.04575,116.326225
1621523790803,52.942074,-124.176834,148.10976
1621523790803,-2.2256098,4.009146,19.192074
1621523790833,-7.4542685,32.362804,10.27439
1621523790863,17.195122,-4.8018293,17.759148
1621523790863,0.28963414,21.707317,7.0731707
1621523790892,3.0182927,10.030488,7.408537
1621523790923,4.72561,4.405488,5.335366
1621523790953,1.1280488,12.210366,6.7225614
1621523790953,0.44207317,10.381098,3.2012196
1621523790981,1.3567073,6.768293,4.02439
1621523791012,1.2957318,3.7195122,5.518293
1621523791013,-0.15243903,1.6310976,3.292683
1621523791042,-1.0823171,1.1280488,3.4298782
1621523791072,-1.3719512,-0.28963414,3.5365853
1621523791074,-2.1189024,-2.682927,2.1341465
1621523791103,-2.6219513,-3.0792685,1.3414634
1621523791133,-2.987805,-2.5762196,1.7987806
1621523791135,-2.9725611,-2.2560976,2.8506098
1621523791163,-2.2408538,-1.8597561,4.375
1621523791192,-1.7835367,-1.7530488,5.4573174
1621523791195,-1.2347561,-1.9969512,6.265244
1621523791223,-0.7621951,-2.2713416,7.3475614
1621523791253,0.13719513,-2.362805,8.780488
1621523791255,1.0060976,-2.957317,9.771341
1621523791283,1.402439,-3.140244,10.868903
1621523791313,2.2256098,-3.277439,12.347561
1621523791313,2.9268293,-3.0182927,14.237805
1621523791343,3.7957318,-2.5,16.509148
1621523791372,3.8567073,-2.332317,19.207317
1621523791373,2.2408538,-3.8567073,20.213415
1621523791402,2.4085367,-7.9268293,20.228659
1621523791433,-1.3262196,-12.926829,22.057928
1621523791434,-27.606709,-24.908537,25.0
1621523791463,-80.85366,-42.637196,46.173782
1621523791492,-144.95427,-46.72256,70.77744
1621523791493,-193.30794,-102.36281,62.317074
1621523791524,-272.4695,-147.28659,56.341465
1621523791553,-355.15244,-152.02744,95.59451
1621523791553,-388.35367,-176.08232,156.9817
1621523791584,-375.18292,-171.58537,216.7683
1621523791613,-284.57318,-114.222565,272.68292
1621523791613,-137.19513,-136.79878,282.69818
1621523791672,-74.756096,-84.52744,263.85672
1621523791674,-83.10976,14.435976,213.47562
1621523791676,-18.490854,35.045734,106.79878
1621523791704,170.47256,-34.253048,-32.942074
1621523791733,132.1494,48.125,-74.90854
1621523791735,96.28049,63.673782,-91.935974
1621523791764,128.79573,32.423782,-136.60062
1621523791792,179.00916,12.317074,-176.55489
1621523791795,213.55183,15.0457325,-196.4177
1621523791824,239.6494,19.22256,-205.65549
1621523791855,260.32013,11.371951,-209.52745
1621523791855,273.76526,5.792683,-206.1433
1621523791883,276.06708,9.603659,-196.21951
1621523791913,260.44208,24.84756,-194.92378
1621523791913,232.28659,38.643295,-213.36891
1621523791943,199.23781,52.469513,-233.44513
1621523791972,176.26524,58.338417,-229.67989
1621523791973,150.32013,68.23171,-182.72867
1621523792002,88.185974,33.07927,-82.65244
1621523792032,-66.935974,-33.85671,87.576225
1621523792034,-306.98172,38.536587,152.6067
1621523792063,-313.9939,176.31097,76.051834
1621523792094,106.951225,-33.75,108.23171
1621523792094,7.9725614,16.844513,4.7865853
1621523792122,0.73170733,1.5853659,-6.1890244
1621523792152,14.664635,13.658537,10.228659
1621523792152,-0.44207317,28.719513,11.2652445
1621523792183,0.5945122,8.429878,2.4390244
1621523792213,0.24390244,10.442074,4.5884147
1621523792213,-0.92987806,6.9817076,0.79268295
1621523792243,-2.2560976,1.6463414,-1.6768293
1621523792273,-2.332317,-0.47256097,0.65548784
1621523792275,-2.835366,-0.5030488,1.4786586
1621523792304,-4.420732,-1.4786586,-1.25
1621523792333,-4.8018293,-3.2164636,-1.5548781
1621523792335,-5.030488,-4.4359756,-1.25
1621523792363,-4.878049,-4.405488,-1.1890244
1621523792392,-4.1920733,-4.847561,0.16768293
1621523792394,-3.4146342,-4.4359756,1.6920732
1621523792423,-2.7439024,-2.5,2.4847562
1621523792453,-2.2713416,-1.3719512,3.6890244
1621523792453,-1.3414634,-0.45731708,6.6768293
1621523792482,-0.47256097,0.06097561,9.603659
1621523792513,-0.030487806,-0.5945122,12.393293
1621523792513,0.076219514,-1.570122,14.29878
1621523792543,0.36585367,-1.4481708,16.021341
1621523792573,0.51829267,-0.65548784,18.521341
1621523792573,-1.0518293,-1.1280488,21.006098
1621523792602,-4.6189027,-3.948171,23.643293
1621523792633,-11.463415,-7.1036587,27.469513
1621523792633,-23.993902,-9.618902,32.240856
1621523792664,-44.390244,-11.829268,39.085365
1621523792693,-74.58842,-25.655489,48.246952
1621523792693,-137.2561,-47.865856,57.118904
1621523792722,-180.68597,-84.23781,64.77134
1621523792752,-208.8872,-128.20122,65.73171
1621523792752,-287.94208,-135.54878,84.085365
1621523792781,-346.26526,-135.83842,123.58232
1621523792812,-358.38416,-162.83537,169.42073
1621523792813,-315.70123,-150.07622,207.07318
1621523792843,-167.54573,-119.618904,255.91464
1621523792872,-134.0244,-44.862804,285.56403
1621523792874,-121.996956,-23.307928,250.1372
1621523792903,-147.22562,29.009148,175.18294
1621523792933,-17.682928,18.04878,51.067074
1621523792935,111.189026,11.554878,-55.350613
1621523792963,77.301834,88.8872,-75.868904
1621523792992,70.21342,94.52744,-82.72866
1621523792994,117.37805,74.83232,-108.368904
1621523793023,187.42378,60.564026,-137.86586
1621523793053,238.65854,65.30488,-153.35367
1621523793053,274.22256,54.085365,-155.96037
1621523793083,296.40244,20.167683,-153.93294
1621523793114,299.6189,-5.137195,-153.5061
1621523793143,298.6738,-11.631098,-156.43294
1621523793144,295.44208,-3.1097562,-165.39635
1621523793174,269.1311,21.234756,-183.21646
1621523793203,224.90854,37.210365,-205.25916
1621523793203,180.92989,44.05488,-219.86281
1621523793262,155.33537,46.6311,-205.25916
1621523793264,126.585365,35.838417,-148.07927
1621523793293,81.722565,3.902439,-43.5061
1621523793293,6.4939027,-11.067074,96.34147
1621523793323,-151.89024,89.314026,174.92378
1621523793325,-282.5,230.70122,174.46646
1621523793353,-96.84451,-180.0,136.82927
1621523793383,69.756096,-135.06097,27.469513
1621523793383,-6.3109756,47.942074,5.0609756
1621523793413,21.463415,-12.881098,8.262196
1621523793443,3.582317,15.442074,4.359756
1621523793445,-0.06097561,11.676829,3.2164636
1621523793473,2.7439024,2.7896342,1.5091463
1621523793504,1.722561,7.0884147,4.3292685
1621523793504,0.41158536,3.323171,-0.5030488
1621523793533,-0.5335366,3.8567073,1.2804878
1621523793563,-0.6402439,1.2957318,1.0823171
1621523793563,-0.65548784,0.77743906,1.2804878
1621523793592,-2.4085367,4.268293,1.4634147
1621523793623,-2.5457318,4.756098,1.2652439
1621523793623,-2.2256098,3.2469513,1.3262196
1621523793653,-2.027439,3.4908538,2.027439
1621523793683,-2.042683,4.72561,3.1097562
1621523793683,-2.5762196,5.8536587,3.628049
1621523793714,-2.835366,7.5914636,5.2439027
1621523793742,-2.7743902,9.070122,7.8353662
1621523793743,-2.835366,9.131098,8.856708
1621523793772,-2.4542685,9.10061,9.542684
1621523793801,-2.1493902,9.695122,11.935976
1621523793802,-2.3475611,12.179878,16.067074
1621523793832,-3.5060976,14.847561,20.57927
1621523793862,-3.5518293,13.170732,25.518293
1621523793864,0.39634147,1.3719512,27.85061
1621523793894,-1.4481708,-8.064025,28.140245
1621523793923,-3.307927,-23.246952,25.731709
1621523793925,-10.137196,-44.02439,16.478659
1621523793954,-55.975613,-41.05183,53.65854
1621523793982,-118.39939,-20.182928,98.42988
1621523793985,-151.28049,-66.57012,98.91769
1621523794013,-177.6677,-118.90244,115.472565
1621523794042,-239.00916,-120.15244,156.47867
1621523794045,-342.8354,-66.43293,214.86281
1621523794073,-385.0305,-40.442074,266.60062
1621523794105,-308.17075,4.131098,297.0427
1621523794105,-210.8994,-18.59756,292.72867
1621523794132,-117.59147,48.795734,268.23172
1621523794163,-114.10061,142.72867,181.12805
1621523794163,31.036587,51.75305,43.018295
1621523794193,145.33537,-26.554878,-58.871952
1621523794223,71.92073,55.884148,-75.41159
1621523794223,73.20122,34.253048,-105.625
1621523794254,126.3872,-6.417683,-153.52135
1621523794282,159.16159,-3.8414636,-183.62805
1621523794283,176.21951,5.5640244,-200.47256
1621523794313,194.00916,-10.70122,-214.10062
1621523794343,206.69208,-27.621952,-222.0427
1621523794343,218.33842,-30.167685,-216.73781
1621523794372,226.32622,-27.774391,-199.96951
1621523794401,218.23172,-1.097561,-182.0427
1621523794402,185.45732,29.939026,-188.27745
1621523794432,142.92683,39.268295,-212.71342
1621523794462,112.80488,56.82927,-220.2744
1621523794464,107.164635,73.17073,-195.0
1621523794494,107.05793,74.54269,-138.26219
1621523794523,80.88415,45.990856,-65.335365
1621523794525,43.39939,-9.588415,11.905488
1621523794553,-93.125,3.8262196,108.29269
1621523794582,-264.98477,172.27135,191.31097
1621523794584,-90.10671,37.545734,173.35367
1621523794614,1.9664634,15.365854,-1.0365853
1621523794646,26.432928,-37.317074,-0.88414633
1621523794646,40.121952,-27.179878,9.954268
1621523794674,-4.9237804,22.545732,-0.15243903
1621523794703,0.9756098,2.3932927,-0.12195122
1621523794703,3.9786587,-4.756098,0.33536586
1621523794732,-0.79268295,0.7621951,0.6402439
1621523794763,-3.8414636,3.8262196,-2.1036587
1621523794763,-4.10061,4.756098,-1.4634147
1621523794791,-2.2713416,1.8292683,1.0823171
1621523794821,-1.6768293,0.625,0.7469512
1621523794822,-2.7439024,2.210366,0.44207317
1621523794853,-2.5457318,0.9756098,0.28963414
1621523794883,-2.2865853,-1.3567073,-0.7012195
1621523794883,-2.3932927,-1.5396342,-0.94512194
1621523794913,-2.0884147,-0.94512194,-0.4878049
1621523794942,-1.5853659,-0.12195122,0.6859756
1621523794943,-1.4329269,2.4542685,3.1097562
1621523794971,-1.0365853,4.253049,5.1067076
1621523795002,-0.30487806,4.222561,6.615854
1621523795002,0.38109756,3.7042685,8.04878
1621523795032,0.8231707,3.5975611,9.207317
1621523795062,2.042683,2.4847562,10.045732
1621523795064,3.2012196,1.1280488,10.670732
1621523795094,3.7042685,0.625,11.006098
1621523795123,4.2987804,0.19817074,11.417684
1621523795125,4.8018293,0.92987806,12.865854
1621523795154,5.121951,2.2560976,15.54878
1621523795182,4.756098,2.042683,17.896341
1621523795184,3.612805,0.19817074,19.512196
1621523795214,0.5945122,-3.0640244,19.496952
1621523795245,-4.542683,-8.597561,20.50305
1621523795245,-12.118903,-15.0457325,21.25
1621523795274,-20.655489,-27.65244,26.295732
1621523795302,-62.2561,-31.920732,59.08537
1621523795303,-110.564026,-44.80183,69.86281
1621523795332,-152.45427,-68.871956,57.515244
1621523795361,-190.94513,-83.07927,57.637196
1621523795393,-215.68597,-99.39024,83.07927
1621523795393,-246.37196,-121.31098,136.11281
1621523795423,-307.59146,-130.88416,185.99086
1621523795423,-367.10367,-136.26524,214.58842
1621523795452,-283.73477,-97.28659,252.5
1621523795482,-127.75915,-51.021343,277.33234
1621523795513,-109.00915,-8.628049,251.40245
1621523795515,-117.56098,57.134148,156.32622
1621523795544,-19.009148,25.47256,25.335367
1621523795572,99.55793,-8.521341,-85.685974
1621523795575,60.89939,59.923782,-99.86281
1621523795603,57.332317,60.243904,-108.14024
1621523795633,105.335365,39.375,-137.75916
1621523795635,151.49391,41.09756,-155.70122
1621523795663,180.42683,52.286587,-157.42378
1621523795695,205.22867,48.368904,-157.78964
1621523795695,229.31403,31.25,-161.84451
1621523795722,244.10062,23.460367,-161.40244
1621523795752,248.59756,21.570122,-158.46037
1621523795753,242.17989,29.481709,-161.6311
1621523795782,219.67989,42.97256,-176.18903
1621523795842,181.57013,48.460365,-201.20427
1621523795844,143.73476,40.030487,-223.55183
1621523795847,121.539635,26.25,-227.27135
1621523795873,91.73781,15.746952,-199.8933
1621523795873,33.490856,-17.743902,-105.45732
1621523795904,-72.256096,1.9664634,70.73171
1621523795962,-218.32318,136.32622,131.47867
1621523795963,-242.0427,115.03049,118.65854
1621523795966,-27.393293,-101.768295,75.85366
1621523795993,34.420734,-25.137196,7.987805
1621523795993,-13.75,16.570122,-1.5396342
1621523796023,26.32622,-30.731709,3.932927
1621523796052,3.887195,8.20122,4.893293
1621523796054,1.1585366,12.5,10.625
1621523796083,5.2591467,-3.323171,2.5457318
1621523796112,1.8445122,6.295732,4.7865853
1621523796113,-0.5945122,6.8445125,2.4542685
1621523796292,-1.9969512,5.625,0.77743906
1621523796292,-1.4939024,2.332317,1.4786586
1621523796294,-2.5,0.65548784,0.6402439
1621523796294,-3.8567073,0.27439025,-0.86890244
1621523796296,-4.039634,0.16768293,-1.0213414
1621523796300,-3.7347562,-0.73170733,-0.6707317
1621523796300,-3.6890244,-0.625,-1.097561
1621523796323,-3.0335367,0.36585367,-1.0670732
1621523796323,-2.210366,0.86890244,-0.33536586
1621523796324,-1.3109757,0.88414633,0.71646345
1621523796353,-0.35060975,1.4786586,2.1189024
1621523796353,0.35060975,2.4237804,3.5213416
1621523796412,1.0060976,3.5060976,5.304878
1621523796413,1.6310976,5.045732,7.4847565
1621523796443,1.9054879,4.557927,7.5609756
1621523796446,2.4542685,3.7042685,8.368902
1621523796472,4.02439,3.445122,10.121951
1621523796472,5.121951,3.6737807,12.240854
1621523796503,5.670732,2.7439024,14.207317
1621523796533,5.167683,0.5030488,14.72561
1621523796533,2.987805,-3.8109758,13.704268
1621523796563,-0.625,-9.207317,11.006098
1621523796593,-5.335366,-13.39939,9.375
1621523796593,-10.792684,-15.579268,11.707317
1621523796622,-17.957317,-17.560976,17.393293
1621523796651,-37.789635,-29.893293,19.771341
1621523796654,-111.85976,-35.121952,47.10366
1621523796684,-139.40549,-75.426834,57.835365
1621523796712,-174.57318,-113.460365,56.25
1621523796713,-266.4634,-127.05793,68.29269
1621523796743,-339.35977,-159.55794,92.82012
1621523796772,-320.22867,-166.9817,132.59146
1621523796775,-263.14026,-130.35062,200.68597
1621523796804,-170.54878,-99.95427,250.71648
1621523796832,-178.27745,-75.381096,256.4177
1621523796835,-53.338417,-53.094513,250.28964
1621523796863,-124.19208,23.871952,222.68294
1621523796895,-100.48781,71.96647,148.75
1621523796895,114.618904,24.984756,27.5
1621523796922,148.73476,74.05488,-27.97256
1621523796953,105.472565,112.37805,-36.67683
1621523796953,97.743904,98.064026,-63.841465
1621523796981,122.94208,83.84147,-107.439026
1621523797011,158.5061,68.20122,-142.69818
1621523797013,181.08232,61.966465,-163.58232
1621523797043,197.34756,51.09756,-176.875
1621523797073,212.56097,36.707317,-187.46951
1621523797073,219.45122,25.746952,-192.45427
1621523797103,224.84756,14.710366,-192.59146
1621523797133,227.80489,11.17378,-193.94818
1621523797133,214.74086,11.783537,-201.6311
1621523797161,190.97562,4.9390244,-212.98781
1621523797192,177.07318,-5.4268293,-213.73476
1621523797192,170.96037,-6.52439,-186.31097
1621523797222,137.07318,-22.179878,-109.90854
1621523797252,42.942074,13.521341,28.810976
1621523797254,-89.222565,13.39939,124.039635
1621523797284,-326.875,264.1616,136.20427
1621523797312,-124.16159,84.131096,144.72562
1621523797313,57.012196,-88.56708,20.365854
1621523797344,-14.359756,33.47561,-5.89939
1621523797372,17.804878,-9.359756,10.533537
1621523797375,-2.7743902,20.54878,7.378049
1621523797404,0.19817074,18.27744,12.088415
1621523797435,6.554878,0.7012195,7.4847565
1621523797435,1.0365853,10.89939,8.841464
1621523797464,0.28963414,7.9115853,4.2987804
1621523797554,0.47256097,1.4786586,-0.7469512
1621523797554,0.21341464,0.88414633,4.054878
1621523797554,-0.7621951,1.6310976,4.9237804
1621523797559,-1.25,1.3262196,3.1554878
1621523797559,-1.417683,1.7378049,4.5731707
1621523797583,-1.0518293,0.09146342,4.2073174
1621523797643,-0.9603659,-0.9603659,2.9115853
1621523797644,-0.7469512,0.06097561,3.6432927
1621523797646,-0.35060975,1.6615855,5.0914636
1621523797673,0.015243903,3.8109758,6.6768293
1621523797703,0.06097561,5.777439,8.216464
1621523797703,0.38109756,6.3719516,10.259147
1621523797792,0.35060975,6.7073174,12.591464
1621523797793,0.25914633,6.3262196,13.82622
1621523797797,0.44207317,5.0609756,13.445123
1621523797797,0.8993903,5.5945125,14.359756
1621523797798,0.71646345,7.637195,16.82927
1621523797823,1.4329269,8.658537,19.710367
1621523797853,2.9268293,8.1402445,22.621952
1621523797885,4.512195,4.9237804,25.731709
1621523797885,2.3018293,-1.875,28.384148
1621523797913,-2.7134147,-15.762196,31.524391
1621523797943,-12.317074,-21.82927,40.442074
1621523797943,-24.512196,-18.47561,45.07622
1621523797972,-86.78354,-30.655489,66.98171
1621523798003,-156.06708,-56.310978,71.631096
1621523798003,-201.08232,-95.18293,65.88415
1621523798033,-245.10672,-137.62195,74.64939
1621523798063,-295.15244,-160.1067,111.097565
1621523798063,-343.9177,-151.0061,163.04878
1621523798094,-375.35062,-90.625,227.80489
1621523798123,-256.29575,-21.707317,283.81097
1621523798123,-99.48171,-72.60671,301.96646
1621523798152,-62.637196,-133.62805,277.7134
1621523798182,-104.29878,-55.396343,220.57927
1621523798182,-102.13415,77.22561,105.868904
1621523798212,38.932926,48.048782,-43.44512
1621523798242,57.30183,66.44817,-97.85061
1621523798244,29.283537,75.99085,-95.65549
1621523798275,57.271343,51.6311,-109.10061
1621523798302,110.06098,42.911587,-129.23781
1621523798304,148.87195,46.067074,-140.99086
1621523798333,177.46951,40.92988,-151.60062
1621523798362,203.93294,29.969513,-166.18903
1621523798365,219.34451,23.399391,-174.5427
1621523798393,223.73476,13.109756,-175.92989
1621523798422,218.36891,4.10061,-176.09756
1621523798425,210.7622,1.4634147,-180.76219
1621523798453,205.06097,7.9573174,-191.60062
1621523798484,200.18294,17.957317,-203.90245
1621523798484,188.99391,27.134148,-214.23781
1621523798513,174.63416,25.716463,-215.06097
1621523798543,158.73476,28.856709,-189.03964
1621523798543,137.43903,15.609756,-124.16159
1621523798572,93.03354,-18.429878,-24.024391
1621523798602,-62.45427,-15.106708,89.25305
1621523798603,-324.375,277.65244,123.84147
1621523798634,-219.63416,40.365856,129.29878
1621523798663,112.13415,-203.65854,93.71951
1621523798663,-16.082317,50.47256,-6.158537
1621523798693,15.945123,-25.243902,-0.8993903
1621523798722,20.182928,-13.856708,3.0335367
1621523798723,-6.5091467,48.475613,15.960366
1621523798901,2.2408538,21.25,16.067074
1621523799022,3.4908538,9.314025,10.152439
1621523799023,-0.80792683,13.856708,4.878049
1621523799027,-1.3567073,9.618902,0.015243903
1621523799027,-1.1128049,4.222561,0.7469512
1621523799028,-0.6859756,0.6402439,1.9207318
1621523799028,-1.9359757,1.4634147,0.83841467
1621523799052,-3.6890244,3.0640244,-0.19817074
1621523799112,-2.9268293,2.5,1.2957318
1621523799114,-2.179878,1.1280488,1.7987806
1621523799114,-2.2408538,2.1493902,1.8445122
1621523799143,0.88414633,8.109756,12.804878
1621523799143,1.6615855,7.2865853,15.0457325
1621523799145,2.8810976,5.5640244,15.762196
1621523799145,3.7195122,3.3841465,15.655488
1621523799148,3.8262196,2.2408538,15.685976
1621523799148,4.085366,4.0701222,17.484756
1621523799173,4.405488,5.2134147,20.42683
1621523799202,3.7042685,4.847561,23.368902
1621523799205,2.1036587,4.131098,25.198172
1621523799233,-0.41158536,2.027439,25.365854
1621523799264,-2.4695122,-1.4481708,26.875
1621523799264,-4.664634,-4.756098,28.414635
1621523799293,-15.35061,-10.89939,29.161587
1621523799323,-40.868904,-16.707317,50.350613
1621523799323,-57.850613,-42.484756,72.95732
1621523799352,-108.91769,-63.23171,89.131096
1621523799382,-155.53354,-67.86585,88.97866
1621523799383,-208.75,-82.560974,106.55488
1621523799413,-270.7622,-110.99086,133.84146
1621523799443,-345.1372,-112.576225,177.17989
1621523799443,-351.05185,-111.03659,221.78354
1621523799473,-258.49084,-67.926834,257.6677
1621523799503,-161.82927,-43.643295,257.10367
1621523799503,-87.393295,-11.646341,237.07318
1621523799533,-105.92988,72.98781,201.06708
1621523799563,-19.756098,95.77744,118.14024
1621523799563,168.56708,-33.887196,-0.6707317
1621523799593,125.1372,43.795734,-54.298782
1621523799624,65.44208,65.59451,-82.51524
1621523799625,60.243904,49.009148,-127.10366
1621523799654,83.33842,44.893295,-166.81403
1621523799682,111.43293,39.146343,-191.90549
1621523799684,138.04878,32.332317,-204.86281
1621523799713,159.2683,22.621952,-205.99086
1621523799743,174.58842,11.006098,-198.18597
1621523799743,182.7744,-0.86890244,-189.42073
1621523799774,187.6677,-15.213415,-187.71342
1621523799802,191.29573,-19.771341,-191.67683
1621523799803,189.7561,-6.7073174,-193.59756
1621523799833,180.19818,4.5731707,-192.8811
1621523799864,168.81097,4.253049,-188.15549
1621523799893,155.7317,-6.2347565,-176.92073
1621523799893,135.3811,-17.256098,-150.67073
1621523799922,93.67378,-16.082317,-90.625
1621523799952,-55.289635,24.45122,28.948172
1621523799952,-171.46342,172.34756,105.19817
1621523799982,-212.6372,-0.32012194,34.64939
1621523800011,-280.4116,232.68294,110.64024
1621523800014,32.378048,-77.347565,118.23171
1621523800044,-2.652439,26.82927,1.1737806
1621523800073,17.835367,2.1341465,13.262196
1621523800074,21.17378,-5.4268293,7.1036587
1621523800103,-1.9359757,32.743904,14.496951
1621523800132,2.2713416,13.841464,9.45122
1621523800134,1.3567073,10.365854,9.878049
1621523800163,0.09146342,7.987805,8.1402445
1621523800192,-0.77743906,5.030488,4.512195
1621523800195,-2.210366,5.472561,6.1737804
1621523800223,-2.7134147,3.8567073,6.2195125
1621523800254,-3.5518293,3.948171,4.7865853
1621523800254,-4.253049,4.085366,4.02439
1621523800284,-3.7957318,2.4237804,3.0945122
1621523800315,-2.8658538,0.36585367,2.682927
1621523800315,-2.042683,0.41158536,3.5975611
1621523800342,-1.417683,0.94512194,4.5884147
1621523800373,-0.6097561,1.3871951,5.472561
1621523800373,0.16768293,2.2560976,7.14939
1621523800432,1.1890244,2.9268293,8.871951
1621523800434,2.7439024,2.7591465,9.512196
1621523800434,3.765244,2.4847562,10.564025
1621523800464,4.771342,2.667683,12.134147
1621523800523,5.2591467,3.3384147,14.375
1621523800523,5.640244,3.4298782,17.439024
1621523800526,5.045732,2.210366,19.740854
1621523800553,3.8414636,0.28963414,21.356709
1621523800553,2.0884147,-2.4237804,22.545732
1621523800584,-0.15243903,-6.0670733,22.5
1621523800613,-6.8140244,-12.393293,24.72561
1621523800616,-55.975613,-19.832317,46.859756
1621523800643,-118.09451,-31.585367,83.79573
1621523800673,-165.50305,-76.143295,94.314026
1621523800674,-239.77135,-110.3811,95.03049
1621523800703,-316.75305,-138.09451,105.99085
1621523800733,-383.93292,-155.74695,130.36586
1621523800733,-423.79575,-171.43294,187.31708
1621523800763,-334.23782,-126.02135,238.71951
1621523800792,-187.17989,-93.39939,266.69208
1621523800795,-136.875,-55.42683,241.3872
1621523800823,-70.07622,-21.554878,207.07318
1621523800853,-49.664635,73.49085,161.47867
1621523800853,145.44208,-7.987805,82.13415
1621523800883,215.5183,5.655488,6.3719516
1621523800915,158.14024,69.32927,-33.07927
1621523800915,117.60671,64.19208,-76.85976
1621523800943,102.37805,58.70427,-127.66769
1621523800973,112.89635,50.365856,-170.94513
1621523800973,135.80792,44.207317,-199.8933
1621523801002,161.93597,42.423782,-214.69513
1621523801032,186.34146,31.12805,-214.20732
1621523801032,206.89024,11.204268,-201.44818
1621523801063,219.67989,-7.77439,-185.1372
1621523801093,225.39635,-32.317074,-176.32622
1621523801093,223.75,-50.10671,-178.07927
1621523801123,216.82927,-45.70122,-187.94208
1621523801153,204.0244,-37.8811,-196.12805
1621523801153,190.94513,-30.945122,-188.67378
1621523801184,176.12805,-15.70122,-159.34451
1621523801213,147.05794,-1.6615855,-100.472565
1621523801214,91.46342,24.695122,-7.9420733
1621523801244,-0.625,41.189026,73.85671
1621523801272,-200.65549,126.64635,81.75305
1621523801274,-321.99695,209.74086,-25.365854
1621523801303,-236.75305,161.95122,32.8811
1621523801332,13.323171,-113.15549,138.3994
1621523801335,22.698172,10.731708,25.304878
1621523801364,-12.301829,43.90244,3.3536587
1621523801392,28.963415,-15.594513,14.618903
1621523801395,4.115854,18.90244,9.45122
1621523801423,4.8170733,25.929878,15.27439
1621523801454,8.353659,11.646341,9.573171
1621523801455,4.740854,12.911586,9.847561
1621523801483,3.2012196,6.6615853,5.365854
1621523801513,3.262195,0.99085367,3.5518293
1621523801514,2.7134147,-0.5030488,4.984756
1621523801542,0.80792683,-0.35060975,5.030488
1621523801573,-0.15243903,-0.45731708,4.5884147
1621523801573,-0.35060975,-0.7621951,4.557927
1621523801602,-0.6859756,-1.2195122,3.7347562
1621523801633,-0.625,-0.7012195,3.75
1621523801633,-0.25914633,0.7469512,4.756098
1621523801695,0.0,1.8140244,5.5640244
1621523801695,0.35060975,2.4847562,6.387195
1621523801695,0.32012194,3.2317073,7.637195
1621523801722,0.79268295,3.3536587,8.338415
1621523801753,1.8902439,3.307927,9.695122
1621523801842,2.682927,3.003049,10.487805
1621523801845,3.628049,3.0640244,11.036586
1621523801845,4.5731707,3.4146342,12.088415
1621523801846,5.304878,4.131098,13.582317
1621523801846,5.5792685,4.420732,15.198171
1621523801873,5.2134147,3.582317,17.393293
1621523801874,4.0701222,1.6463414,18.856709
1621523801903,1.0823171,-1.2042683,19.832317
1621523801932,-3.323171,-5.121951,21.265244
1621523801935,-9.283537,-9.085366,22.92683
1621523801965,-32.835365,-16.371952,33.75
1621523801992,-77.5,-20.792683,67.59146
1621523801995,-118.993904,-50.045734,81.26524
1621523802023,-181.50916,-84.69512,79.847565
1621523802054,-265.625,-110.92988,81.935974
1621523802082,-337.9116,-147.08842,94.78659
1621523802083,-407.59146,-165.03049,143.2317
1621523802113,-391.26526,-182.05794,211.11281
1621523802143,-339.5122,-161.57013,262.54575
1621523802143,-220.18294,-101.17378,274.32928
1621523802174,-79.05488,-72.393295,266.6616
1621523802203,-82.118904,8.185976,220.25916
1621523802203,32.69817,28.216465,130.57927
1621523802233,218.27745,-43.948174,22.149391
1621523802262,164.83232,43.170734,-29.557928
1621523802264,115.518295,64.40549,-75.472565
1621523802293,126.28049,46.966465,-143.52135
1621523802323,164.45122,31.768293,-198.2927
1621523802325,191.29573,30.289635,-225.83842
1621523802353,210.68597,27.393293,-235.22867
1621523802382,236.53964,13.536586,-240.04573
1621523802385,256.4939,-0.36585367,-237.07318
1621523802414,261.58536,-8.429878,-226.47867
1621523802443,259.69513,-3.7195122,-216.08232
1621523802443,252.60672,7.3323174,-220.32013
1621523802474,235.7622,-1.7987806,-238.3994
1621523802504,219.08537,-17.469513,-233.84148
1621523802504,192.05794,0.6859756,-169.96951
1621523802532,129.22256,8.094512,-35.457317
1621523802563,-16.707317,38.064026,104.939026
1621523802563,-265.28964,150.94513,141.1433
1621523802592,-403.70428,349.49695,97.95732
1621523802623,-123.84147,-57.53049,166.92073
1621523802624,94.847565,-130.2744,85.35061
1621523802654,-36.234756,65.15244,-4.1768293
1621523802683,40.091465,-37.5,11.829268
1621523802683,3.4756098,18.07927,3.1707318
1621523802713,0.42682928,17.484756,4.3292685
1621523802743,5.640244,0.5335366,2.667683
1621523802743,2.042683,2.9725611,3.8414636
1621523802774,0.32012194,1.097561,2.804878
1621523802803,-1.9969512,2.804878,3.445122
1621523802805,-2.8506098,1.3871951,4.283537
1621523802834,-3.323171,-1.6920732,3.2317073
1621523802862,-3.7195122,-3.0182927,1.1432927
1621523802865,-3.3841465,-3.9176831,-0.36585367
1621523802923,-2.317073,-4.10061,-0.47256097
1621523802924,-1.417683,-1.9207318,0.88414633
1621523802924,-1.0670732,1.0518293,1.7682927
1621523802953,-0.6707317,2.8506098,2.698171
1621523802983,-0.19817074,4.542683,4.740854
1621523802983,0.076219514,6.7073174,6.768293
1621523803013,0.8231707,8.018292,8.841464
1621523803043,1.5091463,8.689025,10.182927
1621523803043,1.9054879,9.344512,11.417684
1621523803073,2.6219513,9.710366,13.368903
1621523803103,3.6585367,9.146341,15.6402445
1621523803105,4.237805,8.033537,18.140244
1621523803133,5.137195,6.2347565,20.42683
1621523803162,6.0518293,3.307927,21.661587
1621523803165,5.487805,0.0,22.210367
1621523803193,3.0487804,-3.7347562,24.390244
1621523803225,-5.289634,-12.972561,28.612806
1621523803225,-24.314026,-23.689026,32.118904
1621523803253,-52.72866,-35.030487,53.78049
1621523803284,-133.0183,-50.10671,101.26524
1621523803284,-182.17989,-68.71951,117.10366
1621523803313,-228.84146,-82.89635,114.40549
1621523803343,-300.68597,-121.814026,135.30489
1621523803343,-376.50916,-141.89024,185.18294
1621523803372,-349.52744,-150.79268,227.71342
1621523803403,-234.98476,-72.07317,266.6311
1621523803403,-65.32012,2.5457318,282.34756
1621523803433,-57.621952,72.75915,235.97562
1621523803493,-133.33842,151.72256,170.7927
1621523803493,65.625,8.612805,49.969513
1621523803495,137.07318,-27.30183,-56.585365
1621523803523,75.7622,40.685978,-90.518295
1621523803523,58.948174,49.939026,-119.98476
1621523803554,90.746956,28.185976,-155.82318
1621523803583,135.44208,-0.47256097,-179.90854
1621523803583,166.81403,-8.628049,-192.78964
1621523803614,191.32622,-6.52439,-201.05183
1621523803643,210.83842,-13.521341,-203.38416
1621523803645,220.60976,-30.97561,-200.64024
1621523803673,220.70122,-38.932926,-198.24695
1621523803732,219.20732,-28.384148,-196.43294
1621523803734,212.94208,-5.929878,-196.08232
1621523803734,193.15549,7.7134147,-202.54573
1621523803762,173.94818,1.3262196,-206.84451
1621523803765,161.55489,-0.35060975,-191.49391
1621523803793,141.12805,13.704268,-139.17683
1621523803825,90.94512,40.289635,-42.40854
1621523803825,2.2865853,58.292683,54.618904
1621523803853,-197.27135,107.439026,97.347565
1621523803885,-337.22562,121.85976,43.39939
1621523803885,-170.85367,123.201225,186.3872
1621523803913,93.93293,-84.02439,121.722565
1621523803943,-27.240854,44.02439,-13.018293
1621523803943,33.810978,-11.615854,22.789635
1621523803972,3.1859758,9.740854,8.216464
1621523804033,-5.0914636,24.664635,11.737805
1621523804034,4.4512196,-2.2713416,4.390244
1621523804036,0.83841467,0.9603659,6.9969516
1621523804063,-1.5243902,1.1585366,4.664634
1621523804063,-3.4146342,3.2469513,3.1097562
1621523804092,-4.085366,3.7347562,5.137195
1621523804122,-4.908537,2.362805,5.35061
1621523804122,-5.609756,2.7743902,4.359756
1621523804152,-5.8689027,3.612805,4.3292685
1621523804183,-5.1981707,2.7134147,4.5731707
1621523804183,-4.527439,2.652439,5.27439
1621523804213,-4.085366,4.054878,6.52439
1621523804242,-3.3841465,5.0914636,7.271342
1621523804273,-2.4390244,5.1067076,8.704268
1621523804274,-1.5853659,5.4268293,10.54878
1621523804303,-0.21341464,5.0609756,11.021341
1621523804305,1.2652439,3.75,11.692074
1621523804362,2.7896342,3.1859758,13.810976
1621523804363,4.6951222,3.0182927,16.25
1621523804367,6.2195125,2.5914636,18.292683
1621523804393,6.4481707,-0.5640244,19.634148
1621523804423,4.375,-7.0884147,20.35061
1621523804453,-4.131098,-14.02439,22.103659
1621523804453,-17.820122,-19.207317,25.57927
1621523804484,-53.70427,-24.344513,40.182926
1621523804513,-117.210365,-37.088417,73.597565
1621523804513,-166.40244,-49.740856,112.5
1621523804542,-224.60367,-74.67988,124.11586
1621523804572,-303.94818,-124.1311,105.27439
1621523804573,-426.0061,-160.83842,132.2561
1621523804604,-470.09146,-201.17378,205.35062
1621523804662,-359.5122,-128.93292,274.63416
1621523804665,-260.35062,-3.5365853,333.06403
1621523804665,-99.87805,-35.10671,323.06403
1621523804693,-119.893295,80.381096,237.02745
1621523804695,-31.82927,82.19512,89.20732
1621523804723,186.96646,-16.478659,-64.35976
1621523804752,107.75915,61.310978,-76.29573
1621523804755,84.60366,47.439026,-82.57622
1621523804783,143.62805,1.6615855,-132.54573
1621523804811,184.4817,9.756098,-166.64635
1621523804814,204.19208,27.02744,-183.2927
1621523804843,228.65854,15.0,-199.05489
1621523804875,250.65549,-2.1036587,-212.33232
1621523804875,260.85367,-8.094512,-216.72256
1621523804903,258.2927,-3.3993902,-215.1677
1621523804933,245.04573,0.4878049,-218.65854
1621523804933,223.38416,8.628049,-240.2744
1621523804963,195.36586,16.935976,-277.69818
1621523804993,171.75305,15.27439,-302.34756
1621523804993,168.04878,48.185978,-267.75916
1621523805024,158.21646,83.07927,-143.5061
1621523805053,99.176834,59.786587,32.72866
1621523805053,-128.26219,83.85671,168.33842
1621523805084,-335.4116,247.21037,174.14635
1621523805112,-226.7683,11.996951,191.44818
1621523805113,2.6219513,-124.618904,118.29269
1621523805172,7.545732,48.567074,19.115854
1621523805174,11.844513,6.387195,17.37805
1621523805174,31.82927,-26.60061,7.9725614
1621523805203,-1.7073171,20.274391,7.9573174
1621523805233,0.6097561,0.22865854,3.6890244
1621523805234,-0.076219514,-5.335366,-0.19817074
1621523805292,-0.015243903,-4.679878,1.5091463
1621523805322,-1.4481708,-4.375,0.71646345
1621523805326,-1.7378049,-5.4420733,1.7987806
1621523805326,-1.7378049,-8.216464,1.4786586
1621523805352,-1.6615855,-6.646342,1.6310976
1621523805355,-1.3871951,-2.5,2.8963416
1621523805383,-0.5487805,-1.7378049,4.542683
1621523805415,0.44207317,-3.3536587,4.862805
1621523805415,1.5243902,-2.7896342,6.387195
1621523805443,1.9207318,-1.5548781,6.8292685
1621523805475,2.2560976,-1.6158537,7.1189027
1621523805475,3.4146342,-0.5487805,9.740854
1621523805503,3.932927,2.1189024,12.408537
1621523805533,3.6890244,3.5975611,13.734756
1621523805533,4.02439,4.6951222,15.487805
1621523805563,4.2073174,6.402439,16.32622
1621523805593,4.862805,5.8689027,16.478659
1621523805593,5.3201222,6.112805,18.323172
1621523805623,5.0914636,7.0731707,21.067074
1621523805653,4.253049,6.432927,22.881098
1621523805653,2.378049,5.487805,25.457317
1621523805683,0.6707317,3.5365853,27.606709
1621523805743,-0.13719513,1.097561,26.036587
1621523805744,-7.637195,-17.042683,22.30183
1621523805747,-46.234756,-42.012196,31.021341
1621523805774,-137.31708,-46.493904,67.37805
1621523805803,-203.76524,-57.942074,102.393295
1621523805805,-256.4939,-72.95732,123.58232
1621523805832,-317.54575,-104.81708,124.32927
1621523805834,-433.1555,-132.27135,169.40549
1621523805864,-452.57623,-160.32013,240.88416
1621523805893,-339.90854,-55.89939,314.02438
1621523805895,-185.41159,52.393295,346.08234
1621523805923,-101.82927,97.53049,271.78354
1621523805952,-125.59451,135.7317,161.3567
1621523805955,129.31403,-48.42988,13.628049
1621523805983,163.96342,-20.746952,-74.07012
1621523806015,87.37805,59.45122,-90.426834
1621523806015,108.29269,31.021341,-135.0
1621523806043,162.16464,2.027439,-185.56403
1621523806074,195.77745,10.426829,-215.80794
1621523806074,221.82927,13.094513,-232.5
1621523806102,245.68597,-3.7347562,-241.47867
1621523806133,265.7622,-24.969513,-244.00916
1621523806133,274.35977,-33.368904,-244.83232
1621523806162,271.96646,-28.734756,-243.76524
1621523806193,248.9177,0.5640244,-247.59148
1621523806194,202.0122,33.932926,-270.33536
1621523806223,164.81708,50.03049,-286.53964
1621523806252,158.33842,63.15549,-258.90244
1621523806253,146.05183,68.97866,-147.8811
1621523806283,79.131096,24.786587,23.856709
1621523806313,-55.10671,-33.82622,136.60062
1621523806314,-185.47256,68.67378,123.21647
1621523806343,-332.59146,219.00916,85.39635
1621523806373,-176.25,-38.246952,195.12195
1621523806373,22.439024,-18.429878,75.27439
1621523806403,0.8993903,9.314025,-10.487805
1621523806433,23.734756,-56.600613,-0.7621951
1621523806434,9.893293,-12.759147,-2.0884147
1621523806463,3.9176831,33.35366,18.871952
1621523806493,5.89939,12.896341,13.292684
1621523806495,2.804878,1.1280488,1.3719512
1621523806524,2.2408538,5.7164636,5.0914636
1621523806553,0.9603659,3.4298782,2.332317
1621523806582,-0.36585367,-2.317073,-1.402439
1621523806583,0.25914633,-4.054878,0.030487806
1621523806613,-1.7987806,-4.542683,-3.0487804
1621523806643,-2.682927,-5.030488,-4.6189027
1621523806643,-2.5914636,-4.527439,-3.5670733
1621523806673,-1.8445122,-3.5213416,-1.6768293
1621523806703,-0.7621951,-1.2957318,1.0365853
1621523806703,0.12195122,0.79268295,2.7286587
1621523806732,1.3719512,2.1189024,4.6036587
1621523806762,2.682927,4.2987804,8.262196
1621523806763,3.2012196,6.6920733,11.021341
1621523806793,4.10061,6.554878,12.362805
1621523806852,5.27439,6.3262196,14.45122
1621523806853,6.8597565,6.9359756,17.088415
1621523806853,8.7652445,8.689025,20.167683
1621523806883,10.304878,12.22561,24.832317
1621523806885,10.472561,17.012196,29.435976
1621523806913,9.557927,17.637196,32.911587
1621523806943,3.2469513,12.073171,31.935976
1621523806943,-5.8689027,1.5243902,28.689026
1621523806974,-14.969513,-9.969512,28.262196
1621523807002,-18.47561,-18.27744,29.375
1621523807005,-44.268295,-54.161587,28.064026
1621523807034,-154.16159,-56.996952,82.02744
1621523807065,-225.28964,-98.993904,96.43293
1621523807065,-322.4238,-139.78659,104.78659
1621523807092,-438.65854,-175.54878,141.15854
1621523807123,-413.68903,-159.34451,223.125
1621523807123,-356.67685,-83.27744,303.24695
1621523807153,-316.64636,-14.237805,305.22867
1621523807183,-194.42073,19.52744,310.91464
1621523807183,-68.49085,39.039635,245.12196
1621523807214,-34.710365,69.435974,111.23476
1621523807243,122.59147,13.39939,-22.743902
1621523807243,140.21342,26.996952,-98.018295
1621523807274,81.20427,74.496956,-110.15244
1621523807303,114.16159,39.05488,-150.57927
1621523807303,171.6311,5.137195,-194.28354
1621523807332,201.99696,13.064025,-215.33537
1621523807362,230.67073,13.597561,-225.99086
1621523807362,261.875,-8.384147,-233.9177
1621523807392,273.24695,-27.484756,-240.68597
1621523807422,264.35977,-29.45122,-240.44208
1621523807424,248.0183,-13.7957325,-231.05183
1621523807453,224.40549,23.231709,-230.1372
1621523807483,201.90549,40.53354,-240.56403
1621523807485,191.84451,42.865856,-231.25
1621523807513,197.98781,71.40244,-173.5061
1621523807543,166.09756,77.24085,-51.646343
1621523807543,-105.60976,192.92683,116.57012
1621523807573,-266.93597,300.70123,141.28049
1621523807602,-222.34756,-43.35366,162.30183
1621523807603,-90.381096,-10.411586,163.3994
1621523807632,51.143295,5.929878,50.57927
1621523807662,8.719512,-30.97561,-10.0152445
1621523807662,17.911585,-2.8506098,19.237804
1621523807691,5.0914636,18.246952,10.54878
1621523807721,1.6006098,16.234756,10.167684
1621523807722,4.679878,-1.2804878,4.10061
1621523807752,0.51829267,5.5640244,5.4115853
1621523807783,2.027439,1.9054879,3.9939024
1621523807783,0.35060975,2.5762196,2.8810976
1621523807812,0.030487806,1.2195122,4.1920733
1621523807843,0.030487806,-0.5487805,3.7957318
1621523807843,-0.65548784,0.85365856,3.5213416
1621523807874,-0.99085367,2.1341465,3.292683
1621523807903,-0.09146342,2.3475611,3.6585367
1621523807903,0.13719513,4.039634,4.862805
1621523807932,0.38109756,4.405488,5.381098
1621523807962,1.5548781,4.6036587,7.1341467
1621523807962,2.4237804,5.792683,9.054878
1621523807993,2.8506098,5.960366,9.420732
1621523808022,3.75,4.756098,9.481708
1621523808024,5.0762196,3.5365853,10.731708
1621523808054,5.472561,4.115854,12.713415
1621523808083,4.4664636,4.64939,13.429878
1621523808085,2.5,4.1463413,14.969513
1621523808114,-0.7469512,3.5060976,17.957317
1621523808143,-4.4359756,0.99085367,20.274391
1621523808143,-5.4420733,-6.7073174,19.375
1621523808173,-8.67378,-14.847561,15.472561
1621523808205,-21.493902,-17.34756,17.30183
1621523808205,-42.2561,-17.896341,32.19512
1621523808233,-85.685974,-26.387196,61.417683
1621523808264,-127.51524,-64.69512,78.33842
1621523808264,-195.86891,-81.32622,113.8872
1621523808292,-256.81403,-132.16464,124.28354
1621523808323,-359.7104,-116.539635,148.17073
1621523808323,-447.2104,-128.97867,210.91464
1621523808353,-460.85367,-106.92073,294.55792
1621523808383,-299.71036,-75.73171,337.37805
1621523808383,-155.64024,-17.02744,315.85367
1621523808413,-163.09451,88.201225,256.8445
1621523808443,-148.09451,98.73476,143.59756
1621523808443,144.35976,-44.618904,-41.280487
1621523808473,139.25305,31.920732,-102.65244
1621523808503,77.19512,61.844513,-97.576225
1621523808503,126.31098,-5.8689027,-138.2317
1621523808533,178.04878,-18.246952,-184.19208
1621523808563,203.2622,5.35061,-213.58232
1621523808563,225.2744,2.957317,-232.10367
1621523808593,246.35672,-19.664635,-241.90549
1621523808622,253.10976,-33.582317,-245.70122
1621523808624,253.56708,-30.35061,-245.71648
1621523808655,262.30185,-9.740854,-237.10367
1621523808683,254.19208,23.231709,-236.98172
1621523808684,233.03354,42.835365,-254.22256
1621523808714,214.63416,64.710365,-260.85367
1621523808772,204.11586,85.076225,-233.17073
1621523808773,191.66159,81.84451,-150.1067
1621523808804,132.54573,60.289635,-10.503049
1621523808804,-22.332317,14.588415,129.78659
1621523808804,-167.30183,1.9817073,165.57927
1621523808834,-331.5854,257.43903,119.11586
1621523808863,-184.0244,110.335365,142.53049
1621523808893,-82.881096,-25.182928,49.80183
1621523808893,-7.14939,21.112806,8.185976
1621523808922,16.75305,1.7378049,7.9115853
1621523808952,8.216464,3.307927,7.378049
1621523808952,0.7012195,28.536587,16.554878
1621523808983,3.2012196,8.003049,10.731708
1621523809012,7.057927,-1.1890244,9.054878
1621523809013,1.417683,6.4786587,7.5
1621523809042,0.36585367,2.0884147,3.6890244
1621523809073,-0.5792683,-3.2469513,2.4542685
1621523809074,-1.7378049,-6.280488,2.7743902
1621523809103,-3.902439,-1.570122,4.283537
1621523809132,-5.472561,2.637195,4.039634
1621523809135,-5.0609756,2.4237804,3.6890244
1621523809163,-3.5213416,1.3262196,5.381098
1621523809192,-3.262195,4.542683,8.079268
1621523809195,-2.378049,7.378049,8.689025
1621523809224,-1.6463414,7.6067076,8.734756
1621523809254,-0.94512194,7.1036587,11.204268
1621523809254,-0.7469512,6.9664636,13.536586
1621523809282,-0.10670732,7.393293,14.573171
1621523809313,0.4878049,7.667683,17.469513
1621523809313,0.79268295,8.353659,19.80183
1621523809343,0.44207317,8.902439,21.12805
1621523809372,0.5792683,7.896342,23.262196
1621523809372,0.6707317,6.0518293,26.554878
1621523809404,0.94512194,2.3475611,29.32927
1621523809433,-2.3018293,-3.2012196,30.70122
1621523809433,-5.121951,-9.512196,33.064026
1621523809464,-0.030487806,-15.0457325,39.405487
1621523809493,25.640245,-29.80183,48.048782
1621523809493,-33.35366,-38.155487,65.65549
1621523809522,-144.77135,-36.219513,97.02744
1621523809552,-191.47867,-62.560978,118.58232
1621523809553,-274.11588,-82.02744,134.74086
1621523809581,-350.5183,-113.17073,160.36586
1621523809613,-456.92075,-163.70427,224.86281
1621523809615,-445.06097,-150.53354,267.30185
1621523809643,-269.31403,-58.216465,306.75305
1621523809673,-92.46951,-21.40244,297.94208
1621523809674,-136.66159,42.850613,225.96037
1621523809704,-107.77439,39.862804,115.88415
1621523809732,134.1311,-70.564026,-50.92988
1621523809735,123.49086,19.496952,-123.689026
1621523809763,69.756096,47.713417,-124.16159
1621523809792,102.98781,-14.603659,-153.18597
1621523809795,154.95427,-36.875,-187.75916
1621523809822,182.46951,-13.460366,-207.72867
1621523809852,206.46342,-15.137196,-219.80183
1621523809852,234.0244,-42.8811,-229.8933
1621523809881,242.13416,-58.765244,-235.03049
1621523809912,240.35062,-50.640244,-232.07318
1621523809913,243.67378,-19.344513,-216.58537
1621523809943,234.31403,21.158537,-206.08232
1621523809973,215.1677,48.536587,-212.98781
1621523809973,189.58842,61.707317,-227.72867
1621523810004,172.46951,50.792683,-224.95427
1621523810034,173.30794,41.82927,-187.27135
1621523810034,168.03354,49.588417,-95.89939
1621523810063,113.414635,38.65854,27.92683
1621523810093,-27.057928,5.2286587,116.93598
1621523810093,-270.89938,199.98476,108.91769
1621523810123,-269.66464,192.05794,83.8872
1621523810153,-100.50305,-44.07012,138.87195
1621523810153,52.987804,-16.265244,76.585365
1621523810182,-36.173782,59.07012,-9.756098
1621523810212,38.628048,-22.606709,16.295732
1621523810214,9.634147,26.524391,15.137196
1621523810244,-9.375,48.5061,19.862804
1621523810273,1.0670732,18.109756,13.597561
1621523810274,-1.0213414,14.557927,10.060976
1621523810303,-3.2012196,11.448171,3.2012196
1621523810332,-1.1737806,6.554878,2.4237804
1621523810335,-1.2347561,3.140244,4.1615853
1621523810363,-2.5762196,4.2987804,6.9664636
1621523810393,-4.054878,7.4695125,7.77439
1621523810395,-4.64939,8.67378,7.7439027
1621523810423,-4.420732,6.905488,7.271342
1621523810455,-3.8719513,6.432927,8.719512
1621523810455,-3.9176831,8.155488,10.228659
1621523810482,-3.5060976,8.734756,10.884147
1621523810513,-1.9664634,7.4542685,12.347561
1621523810513,-0.16768293,5.1067076,12.42378
1621523810542,1.9969512,3.1097562,13.20122
1621523810573,3.5518293,2.4085367,14.527439
1621523810573,4.756098,2.0884147,14.131098
1621523810603,5.304878,2.667683,14.131098
1621523810633,5.625,3.8719513,15.594513
1621523810633,5.335366,2.9115853,18.307928
1621523810663,3.3841465,-0.21341464,20.762196
1621523810693,-0.22865854,-4.283537,21.661587
1621523810693,-4.009146,-7.256098,23.140244
1621523810723,-9.847561,-11.082317,28.521341
1621523810753,-49.69512,-12.957317,48.917683
1621523810753,-105.44208,-26.25,75.97561
1621523810783,-143.26219,-45.518295,107.393295
1621523810813,-197.74391,-72.71342,111.75305
1621523810814,-273.7195,-100.79269,100.09147
1621523810844,-346.08234,-138.30794,107.576225
1621523810873,-422.6677,-174.78659,162.85062
1621523810875,-423.52136,-181.05183,226.66159
1621523810904,-320.71646,-116.11281,278.38416
1621523810933,-136.58537,-86.08232,275.1677
1621523810963,-34.17683,-61.920734,242.02745
1621523810963,-60.85366,21.67683,200.24391
1621523810995,21.67683,26.875,121.996956
1621523811022,211.81403,-82.881096,-0.9756098
1621523811022,156.66159,-1.1890244,-60.27439
1621523811054,96.11281,15.89939,-87.98781
1621523811083,80.99085,16.17378,-126.57012
1621523811113,108.70427,16.844513,-170.30489
1621523811116,146.21951,10.929878,-194.11586
1621523811116,172.85062,7.3018293,-194.83232
1621523811143,195.625,-5.289634,-186.05183
1621523811173,212.30183,-20.868902,-173.2927
1621523811203,213.70427,-19.009148,-164.69513
1621523811204,200.7622,-7.027439,-168.61281
1621523811233,179.22256,-6.7073174,-188.14024
1621523811263,157.16464,-5.5640244,-205.92989
1621523811264,131.93597,14.908537,-212.40854
1621523811323,104.7561,35.365856,-216.69208
1621523811323,86.69208,41.09756,-219.58842
1621523811325,93.07927,27.774391,-205.88416
1621523811353,99.496956,21.859756,-156.53964
1621523811382,81.50915,12.317074,-67.0122
1621523811385,39.786587,0.16768293,40.838417
1621523811413,-98.52135,36.859756,119.55793
1621523811443,-251.60062,162.54573,82.439026
1621523811443,-182.19513,99.039635,158.96342
1621523811472,-35.167683,0.5945122,140.54878
1621523811502,24.146341,-73.064026,-9.893293
1621523811503,14.969513,46.57012,20.716463
1621523811533,24.984756,0.19817074,17.408537
1621523811563,2.8963416,17.743902,10.030488
1621523811563,3.2317073,9.588415,5.8841467
1621523811594,3.887195,3.0792685,2.4542685
1621523811623,2.2865853,2.8658538,2.8658538
1621523811623,0.91463417,-1.1432927,-0.85365856
1621523811654,0.41158536,-1.6158537,-0.71646345
1621523811683,0.030487806,-3.6890244,-0.7469512
1621523811683,-0.22865854,-3.5060976,0.10670732
1621523811712,-0.42682928,-1.9207318,1.1585366
1621523811743,-0.30487806,-1.417683,1.0823171
1621523811743,-0.24390244,-1.6768293,1.0823171
1621523811773,-0.38109756,-1.6006098,1.7378049
1621523811803,-0.39634147,-1.0060976,2.3018293
1621523811804,-0.47256097,-0.47256097,2.2713416
1621523811834,-0.13719513,-0.13719513,3.1554878
1621523811863,0.73170733,0.27439025,4.771342
1621523811865,1.0670732,0.38109756,5.5792685
1621523811894,1.7530488,0.15243903,6.737805
1621523811922,2.4695122,-0.44207317,7.7134147
1621523811925,3.0487804,-0.13719513,8.521341
1621523811953,4.1920733,-0.5792683,9.939025
1621523811982,5.3201222,-0.15243903,12.347561
1621523811985,6.2042685,0.38109756,15.426829
1621523812013,6.9664636,-0.35060975,17.881098
1621523812043,6.753049,-1.25,19.054878
1621523812044,5.8536587,-3.5213416,18.963415
1621523812072,4.009146,-7.4542685,18.125
1621523812103,-1.6463414,-12.85061,18.856709
1621523812103,-20.746952,-26.875,22.789635
1621523812132,-61.539635,-50.47256,43.094513
1621523812163,-144.42073,-50.350613,85.09147
1621523812163,-191.25,-106.75305,82.0122
1621523812194,-257.5305,-136.93597,97.393295
1621523812223,-350.64026,-165.68597,116.768295
1621523812223,-407.75916,-196.5244,151.93597
1621523812253,-374.7561,-151.84451,208.82622
1621523812283,-227.0427,-81.95122,251.23476
1621523812283,-110.82317,-45.22866,252.19513
1621523812312,-80.25915,-0.10670732,231.3872
1621523812342,-89.28354,86.051834,210.625
1621523812343,102.14939,13.353659,139.96951
1621523812373,213.07927,-26.17378,56.78354
1621523812403,151.60062,44.359756,11.17378
1621523812404,102.75915,51.646343,-47.698174
1621523812434,89.893295,51.173782,-119.314026
1621523812462,105.625,39.375,-174.87805
1621523812464,126.875,26.661587,-205.1677
1621523812493,145.82318,24.435976,-216.90549
1621523812522,165.83842,25.731709,-218.73476
1621523812525,186.21951,18.414635,-215.44208
1621523812554,203.5061,1.1280488,-211.84451
1621523812583,214.22256,-19.618902,-208.56708
1621523812585,215.09146,-22.515244,-204.95427
1621523812613,206.79878,-1.4786586,-202.3933
1621523812643,195.18294,14.679878,-201.21951
1621523812643,191.78354,25.396341,-186.05183
1621523812672,181.03659,28.67378,-141.15854
1621523812703,91.15854,25.07622,-36.280487
1621523812703,-116.051834,94.42073,100.06098
1621523812732,-300.30487,227.07318,135.8994
1621523812763,-230.80794,32.911587,135.86891
1621523812763,37.164635,-159.14635,119.57317
1621523812794,9.314025,-0.32012194,4.405488
1621523812823,10.228659,-1.8597561,1.7378049
1621523812823,31.554878,-25.945122,6.6615853
1621523812853,-7.1951222,50.990856,23.445122
1621523812883,-3.0182927,35.335365,20.121952
1621523812883,3.6432927,12.22561,9.664635
1621523812912,-0.92987806,13.216464,5.4573174
1621523812943,-3.277439,10.182927,0.77743906
1621523812943,-3.8567073,6.0823174,-0.7621951
1621523812973,-3.0945122,1.3414634,-0.35060975
1621523813003,-4.222561,0.36585367,-0.44207317
1621523813004,-5.7317076,-0.25914633,-2.5762196
1621523813033,-5.7317076,-1.7378049,-2.987805
1621523813063,-4.9390244,-3.1707318,-1.5091463
1621523813064,-4.64939,-2.667683,-0.39634147
1621523813093,-4.3292685,-1.8597561,0.38109756
1621523813123,-3.0335367,-0.06097561,3.7195122
1621523813153,-2.6067073,1.4481708,5.670732
1621523813153,-2.5457318,1.0518293,6.3567076
1621523813183,-2.2408538,0.21341464,8.384147
1621523813185,-2.1189024,-0.88414633,10.121951
1621523813214,-1.7987806,-2.042683,10.792684
1621523813244,-1.4329269,-3.1707318,11.539635
1621523813273,-0.83841467,-3.628049,13.658537
1621523813273,0.33536586,-4.359756,16.814024
1621523813302,0.79268295,-7.14939,19.024391
1621523813332,-5.8536587,-8.490854,21.935976
1621523813333,-21.570122,-7.042683,32.77439
1621523813362,-35.762196,-7.515244,45.77744
1621523813392,-50.792683,-10.960366,54.740856
1621523813395,-88.414635,-27.073172,64.45122
1621523813423,-150.0,-67.22561,67.36281
1621523813452,-199.55794,-97.07317,90.83842
1621523813454,-244.03964,-99.54269,131.34146
1621523813483,-276.55487,-129.92378,158.6433
1621523813513,-334.28354,-146.7683,202.91159
1621523813514,-372.1799,-92.28659,246.64635
1621523813543,-276.12805,-52.332317,274.00916
1621523813572,-116.3872,-2.5914636,274.19208
1621523813574,-31.72256,22.957317,235.35062
1621523813603,-103.07927,135.47256,177.11891
1621523813634,53.109756,23.064026,55.167683
1621523813635,129.34451,-3.612805,-54.039635
1621523813663,56.082317,78.44512,-89.222565
1621523813695,28.82622,78.96342,-119.00915
1621523813695,52.560978,60.92988,-152.46951
1621523813722,95.77744,50.167683,-172.89635
1621523813753,133.70427,51.15854,-177.80489
1621523813783,168.70427,46.432926,-177.75916
1621523813784,198.8872,28.064026,-176.23476
1621523813813,217.72867,9.02439,-171.96646
1621523813813,226.90549,4.4512196,-166.50916
1621523813844,236.875,11.615854,-161.78354
1621523813873,235.99086,25.884148,-162.46951
1621523813873,218.09451,29.054878,-176.70732
1621523813903,189.69513,20.381098,-202.11891
1621523813933,167.24086,-0.94512194,-223.38416
1621523813933,161.69208,-18.765244,-223.27745
1621523813964,109.451225,-10.655488,-142.19513
1621523813994,-3.948171,-0.5640244,81.34147
1621523813995,-276.70734,-138.61281,278.52136
1621523814024,-93.91769,117.835365,52.19512
1621523814053,99.69512,-3.902439,27.591465
1621523814054,22.240854,-27.942074,7.179878
1621523814084,25.945122,-25.70122,-12.606708
1621523814113,29.115854,21.493902,29.939026
1621523814113,13.429878,31.72256,31.890245
1621523814143,12.408537,5.5945125,8.993902
1621523814172,7.9115853,7.698171,8.262196
1621523814174,6.2042685,8.643292,10.0
1621523814203,2.317073,0.25914633,1.8597561
1621523814235,0.85365856,-2.4390244,4.3292685
1621523814235,1.8445122,3.4908538,9.847561
1621523814263,0.10670732,2.1493902,6.2195125
1621523814293,-1.7073171,-0.39634147,3.3384147
1621523814293,-2.7286587,-1.5853659,2.957317
1621523814322,-2.835366,-1.2347561,2.698171
1621523814352,-2.317073,-0.18292683,2.5762196
1621523814354,-1.4481708,0.5335366,4.8323174
1621523814384,-0.8231707,1.8140244,6.585366
1621523814413,-0.7469512,1.9664634,6.737805
1621523814413,-0.6707317,2.332317,8.689025
1621523814443,-1.2652439,1.5853659,10.182927
1621523814473,-0.42682928,1.1280488,12.103659
1621523814473,0.9603659,2.3018293,14.496951
1621523814502,1.4634147,3.1859758,17.179878
1621523814532,-0.88414633,3.7804878,21.539635
1621523814532,-7.1951222,4.237805,28.47561
1621523814562,-18.719513,-0.42682928,33.79573
1621523814593,-29.45122,-17.942074,30.97561
1621523814595,-57.14939,-48.338417,24.573172
1621523814622,-168.26219,-51.067074,63.246952
1621523814653,-268.7805,-70.99085,100.30488
1621523814654,-305.8689,-133.49086,135.04573
1621523814684,-343.7195,-149.46646,186.29573
1621523814713,-404.07013,-119.893295,248.33842
1621523814713,-373.14026,-103.91769,270.0305
1621523814742,-239.58842,-31.920732,292.94208
1621523814772,-145.07622,-26.448172,279.25305
1621523814775,-141.32622,58.521343,221.17378
1621523814803,-22.45427,110.36586,131.89024
1621523814833,202.40854,26.067074,35.670734
1621523814833,191.34146,86.90549,-11.2652445
1621523814862,134.61891,113.23171,-30.47256
1621523814893,127.68293,87.59147,-82.560974
1621523814893,145.96037,67.14939,-142.45427
1621523814922,159.84756,64.69512,-179.42073
1621523814953,169.74086,62.332317,-196.81403
1621523814953,189.57318,46.78354,-206.79878
1621523814983,218.85672,29.862806,-209.7561
1621523815013,240.65549,21.219513,-204.7561
1621523815013,244.25305,8.963415,-202.30183
1621523815043,236.25,-13.887196,-207.6067
1621523815073,220.25916,-27.164635,-218.99391
1621523815073,205.67073,-36.966465,-231.90549
1621523815103,202.7744,-51.082317,-233.23172
1621523815132,196.26524,-57.77439,-192.46951
1621523815133,147.19513,-18.506098,-77.14939
1621523815163,94.14635,29.29878,57.210365
1621523815192,41.6311,29.496952,108.42988
1621523815193,-68.84147,-49.862804,91.097565
1621523815224,-343.84146,128.38416,50.548782
1621523815253,-359.77136,203.33842,56.371952
1621523815254,-145.82318,-131.93597,173.96342
1621523815283,40.762196,-6.9664636,82.0122
1621523815313,-21.12805,74.60366,-2.9725611
1621523815313,22.45427,-34.64939,0.24390244
1621523815344,13.109756,18.59756,-2.1189024
1621523815372,-4.02439,44.725613,16.067074
1621523815375,3.612805,8.536586,9.146341
1621523815404,3.1859758,8.704268,9.740854
1621523815433,0.44207317,10.121951,9.939025
1621523815463,-0.80792683,12.835366,11.676829
1621523815463,-1.9969512,9.588415,9.832317
1621523815492,-3.0640244,5.1067076,8.170732
1621523815522,-4.1615853,5.914634,9.10061
1621523815522,-4.131098,4.390244,8.67378
1621523815552,-3.582317,1.4634147,7.652439
1621523815582,-3.4146342,0.9603659,9.466464
1621523815585,-4.6036587,5.015244,13.033537
1621523815613,-4.375,7.271342,14.237805
1621523815643,-3.262195,5.6859756,14.557927
1621523815645,-3.3384147,5.9451222,15.945123
1621523815673,-2.8810976,6.9664636,17.393293
1621523815702,-1.8292683,8.810976,19.618902
1621523815705,1.5548781,8.460366,21.707317
1621523815733,5.1067076,6.905488,24.52744
1621523815763,5.503049,6.3109756,26.844513
1621523815765,1.875,5.1981707,26.996952
1621523815793,-5.8689027,3.765244,27.530489
1621523815823,-12.591464,0.27439025,33.612804
1621523815823,-14.954268,-33.338417,27.210367
1621523815853,-102.37805,-48.338417,47.02744
1621523815885,-205.8994,-51.036587,88.551834
1621523815885,-262.89636,-78.44512,105.73171
1621523815913,-356.0366,-126.722565,126.69208
1621523815943,-484.2683,-180.12195,174.72562
1621523815943,-499.49695,-168.68903,236.84451
1621523815972,-350.3049,-77.14939,307.7134
1621523816003,-63.78049,-31.371952,318.23172
1621523816003,-46.814026,24.161587,268.14026
1621523816035,-178.04878,144.375,183.9177
1621523816063,111.89024,-14.45122,9.862805
1621523816064,142.82013,6.7225614,-73.29269
1621523816093,63.70427,74.96951,-80.914635
1621523816123,93.10976,38.97866,-128.26219
1621523816123,150.64024,17.484756,-182.89635
1621523816154,183.07927,30.365854,-208.2622
1621523816184,205.04573,30.396341,-217.30183
1621523816186,228.2927,11.95122,-221.21951
1621523816213,251.05183,2.057927,-221.40245
1621523816243,268.32318,14.771342,-215.19818
1621523816245,279.95428,32.8811,-204.375
1621523816273,273.9939,47.80488,-207.80489
1621523816302,248.00305,65.04573,-234.86281
1621523816305,219.57318,70.16769,-270.06097
1621523816333,210.44208,38.521343,-284.71036
1621523816363,147.6067,2.012195,-192.27135
1621523816365,54.862804,-7.5,37.896343
1621523816393,-139.74086,36.143295,276.31097
1621523816423,-323.2622,260.74695,335.39636
1621523816423,-51.265244,-131.28049,191.70732
1621523816454,-19.984756,4.6951222,47.637196
1621523816483,-6.143293,31.265245,18.90244
1621523816483,19.10061,-20.50305,10.289635
1621523816511,12.591464,13.338415,-3.6432927
1621523816542,0.38109756,25.35061,5.1981707
1621523816543,0.5640244,3.003049,4.740854
1621523816574,-0.42682928,-5.0,-1.25
1621523816603,-1.3109757,-6.753049,0.71646345
1621523816603,-2.5762196,-7.057927,0.25914633
1621523816633,-3.6432927,-7.85061,-1.8140244
1621523816663,-4.512195,-9.115854,-1.2042683
1621523816664,-4.8323174,-9.3902445,-0.18292683
1621523816692,-4.9695125,-7.865854,0.7012195
1621523816723,-4.679878,-5.990854,1.1432927
1621523816723,-4.6189027,-4.527439,2.4085367
1621523816753,-4.5731707,-2.9268293,4.496951
1621523816783,-4.390244,-0.42682928,7.698171
1621523816785,-4.115854,2.179878,10.518293
1621523816814,-5.0762196,2.5457318,11.341464
1621523816843,-3.1554878,2.5,11.753049
1621523816845,-2.6067073,1.6920732,13.246951
1621523816873,-2.515244,2.317073,14.908537
1621523816902,-3.8109758,2.4542685,16.067074
1621523816905,-6.0518293,1.0213414,16.40244
1621523816933,-8.887196,0.13719513,17.667683
1621523816963,-12.698171,-0.94512194,19.024391
1621523816965,-18.963415,-4.2073174,19.070122
1621523816993,-27.759148,-10.381098,17.682928
1621523817024,-43.155487,-21.021341,17.606709
1621523817024,-59.634148,-29.832317,23.75
1621523817054,-66.26524,-46.585365,25.07622
1621523817083,-106.57012,-66.96646,35.015244
1621523817083,-190.01524,-87.95732,62.042683
1621523817112,-221.50916,-149.61891,74.801834
1621523817142,-339.7866,-117.19512,157.02744
1621523817143,-412.2866,-87.6372,218.15549
1621523817174,-394.90854,-108.53659,227.82013
1621523817203,-229.72562,-96.60061,258.00305
1621523817203,-84.16159,-34.542683,274.17685
1621523817233,-56.707317,42.957317,215.82318
1621523817263,-104.64939,36.615856,110.67073
1621523817263,-16.310976,6.4634147,-23.55183
1621523817292,115.39635,31.12805,-118.33842
1621523817322,85.289635,78.76524,-100.83842
1621523817323,131.15854,52.72866,-114.23781
1621523817354,211.57013,25.243902,-152.83537
1621523817383,249.5122,42.82012,-171.82927
1621523817385,264.02438,54.512196,-187.05794
1621523817414,272.7134,46.417683,-203.59756
1621523817443,269.64938,44.17683,-214.28354
1621523817445,256.12805,51.0061,-224.10062
1621523817473,237.3933,62.98781,-241.70732
1621523817502,217.83537,71.23476,-266.53964
1621523817505,216.92073,71.52439,-285.8384
1621523817534,218.97867,60.640244,-271.29575
1621523817563,157.80489,16.463415,-169.93903
1621523817565,63.90244,-3.1097562,20.853659
1621523817593,-110.09147,47.591465,167.59146
1621523817623,-291.09756,85.25915,197.0427
1621523817652,2.0731707,56.615856,195.67073
1621523817653,18.490854,51.432926,21.75305
1621523817683,-14.72561,-33.39939,-5.2439027
1621523817712,33.75,-30.106709,-7.271342
1621523817713,12.682927,47.77439,10.457317
1621523817742,9.573171,28.429878,28.917683
1621523817773,4.8018293,-0.42682928,-0.5792683
1621523817776,5.1981707,-5.8231707,2.4390244
1621523817803,1.1128049,-2.3475611,5.4573174
1621523817833,-2.4695122,-2.195122,1.2195122
1621523817834,-4.02439,-5.609756,4.5731707
1621523817863,-5.304878,-1.5548781,9.527439
1621523817892,-5.7012196,-0.65548784,5.304878
1621523817895,-5.3201222,-2.6067073,1.8902439
1621523817923,-5.182927,-3.5670733,2.4542685
1621523817952,-4.1615853,-2.332317,6.0518293
1621523817955,-3.277439,-0.7469512,5.3201222
1621523817983,-2.332317,-0.09146342,4.4664636
1621523818013,-0.86890244,1.6768293,9.405488
1621523818013,0.22865854,3.4908538,13.506098
1621523818044,1.0670732,4.634146,14.161586
1621523818075,1.5243902,4.893293,15.137196
1621523818075,1.5091463,3.307927,15.990854
1621523818104,1.1128049,2.7896342,15.487805
1621523818133,1.6920732,2.2560976,14.908537
1621523818133,3.003049,4.1463413,17.332317
1621523818162,3.7347562,7.027439,21.09756
1621523818193,3.7042685,8.185976,25.625
1621523818193,2.027439,4.2987804,27.65244
1621523818224,-2.4085367,-4.847561,27.271341
1621523818253,-12.865854,-13.1402445,31.356709
1621523818253,-37.362804,-23.140244,43.064026
1621523818282,-101.28049,-24.405489,71.006096
1621523818312,-134.28354,-56.371952,91.21951
1621523818313,-168.56708,-70.426834,105.10671
1621523818343,-195.1372,-82.256096,108.21647
1621523818373,-250.45732,-59.55793,129.45122
1621523818375,-291.7683,-25.57927,161.50916
1621523818403,-268.56708,14.786586,204.49696
1621523818463,-246.93597,47.987804,234.16159
1621523818464,-225.39635,78.94817,245.19818
1621523818464,-179.22256,108.65854,232.86586
1621523818493,-80.15244,107.19512,169.05489
1621523818495,-78.70427,148.96342,107.80488
1621523818523,52.911587,41.265244,26.17378
1621523818552,153.04878,24.192074,-97.71342
1621523818555,53.490856,104.7561,-105.36585
1621523818584,21.661587,82.164635,-99.25305
1621523818613,57.45427,31.768293,-118.84147
1621523818613,101.17378,1.8292683,-140.50305
1621523818644,111.46342,17.85061,-149.58842
1621523818675,111.35671,20.929878,-154.52744
1621523818675,114.29878,3.3689024,-159.67989
1621523818702,116.93598,-9.161586,-166.28049
1621523818733,115.73171,-11.158537,-176.89024
1621523818733,113.064026,-5.0762196,-186.96646
1621523818762,106.326225,6.2042685,-198.59756
1621523818793,103.018295,10.289635,-213.06403
1621523818793,101.84451,12.057927,-222.5
1621523818824,102.59147,7.987805,-223.2622
1621523818853,97.54573,17.484756,-216.3872
1621523818853,81.44817,26.219513,-208.73476
1621523818884,61.692074,25.243902,-200.42683
1621523818913,48.90244,4.3292685,-183.78049
1621523818913,26.143293,-11.341464,-131.85976
1621523818944,-73.10976,19.085367,-24.375
1621523818974,-154.72562,94.375,32.164635
1621523819003,-158.93294,37.14939,55.716465
1621523819003,-187.34756,-18.932928,92.37805
1621523819033,-50.015244,-79.893295,97.972565
1621523819034,95.94512,-27.637196,32.759148
1621523819063,-25.899391,37.210365,-1.6463414
1621523819093,1.3719512,-43.719513,-6.2347565
1621523819095,7.9725614,-20.030489,-1.0518293
1621523819123,6.3567076,17.911585,11.448171
1621523819153,6.8445125,14.283537,12.667684
1621523819155,2.4847562,1.6768293,3.1554878
1621523819183,-0.015243903,-0.6097561,0.5335366
1621523819213,-0.36585367,0.86890244,2.0884147
1621523819214,-1.6920732,1.5548781,-0.15243903
1621523819243,-2.957317,-0.33536586,-2.698171
1621523819273,-2.4695122,1.4329269,-1.7073171
1621523819273,-1.0670732,4.009146,0.38109756
1621523819302,-0.25914633,4.7865853,0.8231707
1621523819333,0.44207317,5.5792685,1.402439
1621523819333,1.2652439,6.585366,2.652439
1621523819362,3.3841465,6.783537,3.9634147
1621523819392,5.0914636,7.4542685,4.4817076
1621523819393,4.7865853,7.5762196,4.115854
1621523819423,5.152439,8.079268,4.9542685
1621523819453,6.2347565,9.786586,6.7225614
1621523819453,5.5792685,9.435976,6.295732
1621523819483,4.1920733,8.04878,5.3201222
1621523819512,3.5518293,6.2347565,4.420732
1621523819513,2.7591465,5.0,3.292683
1621523819544,2.2713416,4.679878,2.835366
1621523819573,2.5,4.64939,2.7286587
1621523819575,2.7439024,4.131098,2.3018293
1621523819604,1.6463414,2.7591465,0.92987806
1621523819632,0.32012194,2.1646342,0.33536586
1621523819635,-0.09146342,2.195122,0.65548784
1621523819663,-0.13719513,2.6067073,1.097561
1621523819692,-0.15243903,3.0335367,1.4786586
1621523819695,-0.28963414,3.4756098,1.7835367
1621523819724,-0.625,3.460366,1.5396342
1621523819752,-1.0518293,3.3384147,1.4481708
1621523819755,-1.1128049,3.3384147,1.7530488
1621523819783,-1.6463414,3.1859758,2.179878
1621523819814,-1.8445122,2.7439024,2.7591465
1621523819842,-1.5548781,2.698171,3.6432927
1621523819843,-1.417683,2.2256098,4.878049
1621523819872,-0.16768293,1.6006098,6.585366
1621523819874,0.86890244,2.332317,7.637195
1621523819902,1.2804878,2.9725611,7.545732
1621523819932,1.7987806,3.0945122,7.515244
1621523819961,2.057927,3.307927,7.865854
1621523819964,1.4939024,2.7439024,8.003049
1621523819993,0.38109756,1.402439,8.064025
1621523820022,-0.83841467,-0.21341464,8.445122
1621523820024,-1.6310976,-2.195122,8.932927
1621523820054,-2.1493902,-3.2469513,9.3902445
1621523820084,-1.3567073,-2.1189024,10.70122
1621523820084,1.4329269,1.0365853,12.57622
1621523820113,3.3536587,3.948171,13.551829
1621523820144,3.0945122,4.512195,14.222561
1621523820144,2.210366,4.893293,14.710366
1621523820174,1.9207318,4.8018293,15.182927
1621523820205,-1.4786586,2.1189024,13.780488
1621523820205,-7.652439,-1.25,11.570122
1621523820233,-10.259147,4.4664636,17.195122
1621523820265,-14.039635,1.3109757,23.20122
1621523820265,-34.268295,-0.9603659,31.692074
1621523820292,-58.338417,-8.155488,40.564026
1621523820323,-78.04878,-24.817074,42.515244
1621523820323,-111.722565,-33.521343,51.387196
1621523820352,-137.53049,-39.1311,59.161587
1621523820383,-157.27135,-41.692074,76.82927
1621523820383,-183.75,-38.064026,102.05793
1621523820414,-206.44818,-31.615854,125.39635
1621523820443,-209.57318,-16.112804,146.6311
1621523820443,-189.74086,5.5945125,166.84451
1621523820473,-121.66159,20.07622,186.6311
1621523820502,-59.32927,16.082317,190.88416
1621523820502,-13.628049,28.978659,175.25916
1621523820533,-43.44512,61.920734,139.90854
1621523820563,-29.146341,13.490854,16.509148
1621523820565,17.698172,-14.832317,-80.83842
1621523820594,14.176829,17.987804,-84.63415
1621523820623,15.731708,14.512196,-62.36281
1621523820624,39.48171,-13.536586,-55.762196
1621523820653,66.11281,-38.064026,-52.073174
1621523820682,80.07622,-36.295734,-45.487804
1621523820685,87.37805,-24.192074,-44.557926
1621523820713,91.43293,-17.134148,-50.15244
1621523820743,89.19208,-14.618903,-58.140244
1621523820743,86.61585,-15.54878,-67.37805
1621523820773,83.064026,-16.432928,-80.83842
1621523820803,79.085365,-17.286585,-97.82012
1621523820803,77.66769,-16.707317,-114.42073
1621523820831,81.051834,-15.609756,-124.87805
1621523820864,85.121956,-16.615854,-128.8567
1621523820864,85.09147,-19.25305,-129.17683
1621523820892,83.27744,-21.05183,-129.34451
1621523820923,88.39939,-22.637196,-128.90244
1621523820923,99.81708,-25.54878,-123.597565
1621523820951,112.75915,-30.304878,-108.993904
1621523820982,123.246956,-34.115856,-88.38415
1621523820982,126.96647,-32.896343,-66.75305
1621523821013,116.73781,-27.103659,-48.97866
1621523821042,91.493904,-32.2561,-35.868904
1621523821042,58.97866,-41.509148,-24.573172
1621523821072,26.112806,-42.210365,-16.387196
1621523821103,-3.948171,-36.219513,-7.7134147
1621523821103,-25.929878,-30.0,5.0914636
1621523821133,-43.216465,-31.310976,18.90244
1621523821163,-141.05183,45.411587,18.353659
1621523821165,-230.22867,198.33842,-54.359756
1621523821194,-129.78659,352.2104,72.94208
1621523821222,40.518295,104.710365,128.91768
1621523821224,-19.29878,23.993902,0.5640244
1621523821253,41.692074,-30.243902,15.106708
1621523821282,6.4939027,16.143293,5.4268293
1621523821284,-8.155488,40.548782,7.9573174
1621523821314,3.5213416,11.509147,3.7195122
1621523821343,6.585366,-0.7469512,2.698171
1621523821343,0.28963414,5.89939,2.7591465
1621523821373,-0.22865854,3.9939024,1.9969512
1621523821404,0.030487806,-2.7286587,0.39634147
1621523821404,-0.65548784,-6.143293,-0.6859756
1621523821433,-1.2195122,-5.030488,-0.45731708
1621523821462,-1.570122,-1.8597561,2.0731707
1621523821462,-1.3109757,0.5487805,5.3201222
1621523821491,-0.41158536,0.32012194,6.143293
1621523821521,0.5335366,-0.06097561,6.8292685
1621523821523,1.0518293,0.7469512,9.146341
1621523821552,1.417683,0.99085367,10.396341
1621523821583,1.6768293,0.5487805,11.371951
1621523821583,3.0792685,0.16768293,12.637196
1621523821613,5.0762196,0.5487805,14.237805
1621523821643,7.14939,0.5335366,16.478659
1621523821643,9.496951,-1.5396342,19.359756
1621523821673,12.042684,-7.042683,22.530489
1621523821702,14.009147,-18.216463,25.091463
1621523821702,9.481708,-36.737804,30.106709
1621523821731,-59.664635,-32.911587,72.98781
1621523821761,-150.68597,-32.378048,139.375
1621523821764,-172.3933,-92.621956,128.91768
1621523821793,-270.47256,-116.25,114.16159
1621523821823,-343.10977,-168.27745,100.09147
1621523821824,-348.70428,-195.7927,116.0061
1621523821853,-237.37805,-157.69818,144.61891
1621523821882,-109.86281,-132.45427,144.8933
1621523821885,-30.823172,-128.76524,137.01219
1621523821914,11.676829,-70.89939,122.33232
1621523821942,124.87805,-1.6768293,114.801834
1621523821945,242.82013,-19.664635,100.076225
1621523821974,252.33232,-2.1646342,64.48171
1621523822003,220.68597,-10.152439,20.320122
1621523822033,191.08232,-25.899391,-42.97256
1621523822033,162.85062,-24.939026,-104.58842
1621523822063,147.28659,-24.817074,-148.58232
1621523822063,146.47867,-26.82927,-176.95122
1621523822092,157.97256,-22.484756,-189.95427
1621523822123,173.10976,-16.524391,-184.08537
1621523822154,183.78049,-19.52744,-163.8567
1621523822155,185.12195,-26.20427,-136.6311
1621523822183,181.72256,-29.771341,-110.59451
1621523822213,183.58232,-25.198172,-85.625
1621523822215,190.7622,-20.182928,-50.914635
1621523822243,188.00305,-13.47561,1.3567073
1621523822273,142.02744,-11.615854,61.20427
1621523822275,17.5,53.887196,101.326225
1621523822304,-128.5061,147.40854,78.125
1621523822333,-252.65245,209.28354,63.094513
1621523822335,-46.448174,0.4878049,111.96647
1621523822363,51.539635,-9.176829,46.295734
1621523822395,-19.512196,17.896341,-15.6707325
1621523822395,49.771343,-46.25,10.030488
1621523822423,13.7652445,14.908537,11.204268
1621523822455,-2.057927,50.823174,21.82927
1621523822455,5.89939,19.72561,13.734756
1621523822483,3.0792685,2.1646342,2.0884147
1621523822513,1.8445122,-1.0060976,1.1128049
1621523822513,2.2256098,-4.4664636,-0.80792683
1621523822543,1.7835367,-10.106708,-2.9268293
1621523822573,0.92987806,-9.405488,-0.076219514
1621523822573,-0.36585367,-7.5914636,-0.27439025
1621523822604,-0.5792683,-7.362805,-0.5487805
1621523822633,-0.73170733,-6.6768293,-0.51829267
1621523822633,-0.625,-3.932927,0.6402439
1621523822664,-0.13719513,-1.9054879,2.1036587
1621523822693,0.5030488,-1.3567073,2.1646342
1621523822693,0.6859756,0.65548784,3.5975611
1621523822724,0.83841467,4.085366,5.7317076
1621523822754,1.0823171,5.7012196,7.256098
1621523822755,1.5853659,5.777439,7.9573174
1621523822784,2.2865853,5.7164636,9.115854
1621523822813,2.698171,5.35061,10.137196
1621523822815,3.1859758,4.4512196,11.051829
1621523822843,3.6890244,3.8262196,12.57622
1621523822873,4.3445125,0.86890244,13.460366
1621523822873,5.929878,-2.9268293,14.314025
1621523822903,7.682927,-6.783537,15.243903
1621523822932,7.1951222,-13.262196,17.45427
1621523822935,0.16768293,-27.37805,21.432928
1621523822963,-31.707317,-23.094513,44.542683
1621523822995,-102.37805,-7.515244,90.97561
1621523822995,-111.03659,-68.93293,80.335365
1621523823023,-164.61891,-115.82317,74.847565
1621523823053,-258.47562,-145.64024,86.29573
1621523823053,-339.17685,-159.4817,111.20427
1621523823082,-363.62805,-172.91159,154.34451
1621523823112,-227.92683,-191.05183,196.26524
1621523823114,-44.22256,-162.86586,210.3811
1621523823143,55.685978,-134.81708,218.38416
1621523823173,114.69512,-57.393295,279.49695
1621523823173,236.32622,-108.826225,268.42987
1621523823203,252.5,-104.664635,187.10367
1621523823233,145.54878,-58.93293,83.93293
1621523823233,60.77744,-31.524391,-40.396343
1621523823263,11.006098,0.8993903,-146.72256
1621523823293,16.935976,-20.0,-210.39635
1621523823293,49.420734,-38.368904,-238.33842
1621523823324,94.60366,-25.868902,-244.14635
1621523823353,136.95122,-5.015244,-232.62196
1621523823355,171.21951,8.033537,-205.1677
1621523823384,205.71646,17.195122,-170.67073
1621523823413,244.35976,25.137196,-140.0
1621523823415,276.60062,31.493904,-118.30793
1621523823444,291.26526,32.69817,-106.02135
1621523823473,284.28354,24.92378,-97.82012
1621523823475,261.72256,-13.689025,-84.451225
1621523823504,190.50305,-18.70427,-34.634148
1621523823532,34.496952,38.185978,47.789635
1621523823535,-142.21037,118.32317,82.60671
1621523823563,-275.82318,173.06403,63.55183
1621523823595,-217.22562,83.246956,90.914635
1621523823595,10.518293,-75.868904,104.63415
1621523823623,28.125,2.2560976,27.591465
1621523823653,-2.8963416,18.917683,5.365854
1621523823653,25.091463,-28.948172,10.533537
1621523823682,3.4298782,16.890244,9.939025
1621523823712,-1.2347561,30.594513,15.960366
1621523823713,3.5365853,5.670732,7.682927
1621523823743,2.835366,-6.432927,-0.32012194
1621523823773,2.7896342,-4.908537,1.1585366
1621523823773,2.4847562,-4.10061,1.7682927
1621523823803,2.515244,-4.390244,5.0609756
1621523823833,1.9512196,-0.6707317,8.246951
1621523823833,1.25,0.30487806,6.539634
1621523823863,2.5457318,-0.6097561,5.335366
1621523823893,3.1554878,-0.5487805,6.143293
1621523823893,2.9115853,0.8993903,6.112805
1621523823923,2.7134147,2.835366,5.396342
1621523823953,3.4756098,5.35061,7.057927
1621523823955,4.512195,7.5914636,9.603659
1621523823984,5.4115853,8.003049,12.454268
1621523824013,6.4786587,7.5914636,14.939025
1621523824015,6.890244,8.445122,16.524391
1621523824044,6.631098,8.734756,16.966463
1621523824072,6.021342,7.5609756,16.67683
1621523824074,5.35061,6.60061,17.408537
1621523824104,4.527439,6.0670733,18.460367
1621523824133,3.5365853,4.984756,19.314024
1621523824135,1.9512196,4.131098,21.661587
1621523824163,-1.1737806,3.460366,27.149391
1621523824193,-7.5609756,3.75,35.89939
1621523824193,-17.606709,5.27439,48.871952
1621523824222,-30.960367,-14.4207325,60.33537
1621523824254,-94.222565,-44.466465,83.551834
1621523824255,-171.32622,-83.23171,107.6372
1621523824283,-281.7988,-118.35366,119.63415
1621523824313,-380.8384,-155.15244,130.06097
1621523824343,-450.5488,-201.29573,158.6433
1621523824343,-441.5854,-214.2683,207.57622
1621523824373,-301.3872,-200.41159,234.07013
1621523824403,-152.72867,-188.21646,238.82622
1621523824405,-77.621956,-166.20427,228.96342
1621523824434,-56.47866,-18.246952,192.28659
1621523824463,101.57012,30.259148,102.60671
1621523824465,256.58536,18.963415,-12.621951
1621523824497,213.97867,95.25915,-61.15854
1621523824523,172.24086,95.82317,-95.03049
1621523824524,171.73781,59.95427,-153.07927
1621523824553,194.23781,45.807926,-209.19208
1621523824585,206.9817,61.72256,-238.35367
1621523824585,221.34146,66.73781,-249.58842
1621523824613,235.50305,66.189026,-251.09756
1621523824645,243.2622,66.28049,-251.34148
1621523824645,240.67073,64.95427,-258.94818
1621523824673,233.76524,77.82012,-277.0884
1621523824733,235.54878,64.05488,-309.19208
1621523824734,222.24086,-3.6585367,-290.8689
1621523824734,97.48476,4.7865853,-92.439026
1621523824763,-59.496952,33.521343,115.21342
1621523824763,-278.125,126.20427,170.99086
1621523824794,-195.82318,-132.36281,175.32013
1621523824823,90.960365,4.222561,113.53659
1621523824823,-7.256098,56.615856,-0.6859756
1621523824853,4.237805,-40.92988,-13.551829
1621523824942,7.271342,20.70122,8.643292
1621523824943,8.810976,31.25,22.042683
1621523824948,1.4634147,3.7042685,0.9603659
1621523824949,0.51829267,-4.0701222,-3.6432927
1621523824949,1.3109757,-1.8445122,0.30487806
1621523824974,0.39634147,1.4481708,0.04573171
1621523825003,0.18292683,1.1890244,0.33536586
1621523825004,0.22865854,1.3414634,3.140244
1621523825034,-0.39634147,2.4695122,2.9420733
1621523825063,-1.5853659,3.3993902,-0.13719513
1621523825065,-1.5091463,3.0945122,-0.65548784
1621523825093,-0.45731708,2.9420733,0.44207317
1621523825122,0.5640244,4.085366,1.8140244
1621523825125,1.402439,4.7865853,2.9115853
1621523825153,1.7987806,4.542683,3.902439
1621523825185,2.5457318,4.4817076,5.137195
1621523825185,3.445122,5.609756,6.9817076
1621523825213,3.8109758,5.914634,8.567074
1621523825245,4.3445125,5.0,10.945122
1621523825246,5.3201222,4.8323174,14.435976
1621523825272,5.2134147,4.664634,15.914635
1621523825303,4.085366,2.4085367,15.807927
1621523825303,1.5396342,-4.253049,16.539635
1621523825333,-2.4390244,-14.954268,17.103659
1621523825363,-9.893293,-19.009148,23.140244
1621523825363,-55.975613,-6.615854,61.112804
1621523825393,-107.301834,-7.881098,97.66769
1621523825423,-132.80489,-61.15854,115.89939
1621523825423,-198.24695,-69.23781,131.72256
1621523825453,-279.17685,-72.37805,157.91159
1621523825483,-333.93292,-59.359756,197.3933
1621523825483,-300.94513,7.3475614,251.03659
1621523825514,-204.43597,-8.094512,268.7195
1621523825543,-101.28049,17.34756,257.7439
1621523825545,-82.36281,96.051834,226.90549
1621523825574,-94.25305,96.35671,106.41769
1621523825602,27.987806,0.7469512,-75.82317
1621523825603,29.771341,62.19512,-173.61281
1621523825633,-2.8658538,98.84147,-183.88719
1621523825663,41.585365,45.838417,-199.81708
1621523825663,108.79573,6.2042685,-219.96951
1621523825694,145.25916,22.134148,-228.81097
1621523825723,165.88416,41.310978,-233.27745
1621523825723,181.38719,49.298782,-237.57622
1621523825753,188.78049,58.048782,-243.14024
1621523825813,183.52135,74.60366,-251.17378
1621523825813,175.67073,97.04269,-258.84146
1621523825816,173.09451,94.25305,-267.72867
1621523825874,172.33232,16.05183,-262.14938
1621523825876,114.95427,-27.820122,-193.17073
1621523825876,-9.054878,-14.573171,-47.469513
1621523825933,-148.09451,72.07317,69.95427
1621523825934,-311.37195,204.39024,97.560974
1621523825934,-198.62805,-82.17988,97.560974
1621523825962,122.68293,-133.44513,48.00305
1621523825965,-6.25,50.03049,1.8292683
1621523825993,5.929878,-23.07927,0.6402439
1621523826022,7.042683,-2.6219513,-2.027439
1621523826024,10.929878,37.987804,26.112806
1621523826053,9.314025,18.460367,15.716464
1621523826085,1.097561,2.7743902,-1.0060976
1621523826085,2.1341465,2.3018293,1.1128049
1621523826113,1.9664634,2.7743902,0.7621951
1621523826145,1.875,0.5792683,0.9756098
1621523826146,2.9268293,0.33536586,5.2439027
1621523826173,2.2560976,1.5853659,6.9664636
1621523826203,1.2042683,0.015243903,4.984756
1621523826203,0.91463417,-1.3262196,4.1768293
1621523826232,1.2652439,-0.9756098,5.1067076
1621523826263,1.2957318,-0.36585367,5.137195
1621523826263,1.097561,-0.41158536,4.085366
1621523826293,1.7682927,0.47256097,5.625
1621523826323,2.2560976,1.6006098,6.615854
1621523826323,1.9664634,1.6768293,5.97561
1621523826353,2.1646342,1.6006098,6.9512196
1621523826383,2.7134147,1.4634147,9.115854
1621523826383,2.667683,0.85365856,10.320122
1621523826414,2.7134147,-0.5792683,11.204268
1621523826443,3.3689024,-1.0518293,13.856708
1621523826446,2.820122,-1.6768293,17.530489
1621523826474,-1.1432927,-5.35061,22.804878
1621523826504,-34.10061,-4.009146,46.935978
1621523826533,-79.618904,-13.551829,83.33842
1621523826533,-117.743904,-46.493904,104.25305
1621523826563,-186.02135,-73.20122,98.96342
1621523826593,-262.45428,-100.39635,103.33842
1621523826593,-343.82623,-100.03049,126.097565
1621523826622,-381.44818,-64.085365,167.83537
1621523826652,-285.50305,-40.22866,198.71951
1621523826653,-169.375,-7.8201222,199.98476
1621523826683,-88.07927,16.417683,185.06097
1621523826713,-43.03354,48.140244,154.71037
1621523826713,-1.8597561,72.71342,92.31708
1621523826743,127.5,-3.5060976,27.515245
1621523826773,159.8933,30.609756,-51.737804
1621523826773,117.301834,69.085365,-105.88415
1621523826833,103.8872,41.905487,-153.03354
1621523826833,115.03049,14.92378,-196.92073
1621523826833,124.57317,17.30183,-224.5122
1621523826862,136.21951,25.640245,-233.2927
1621523826893,152.43903,21.524391,-230.48781
1621523826894,168.65854,3.0335367,-217.98781
1621523826923,177.34756,-5.990854,-198.21646
1621523826953,169.49695,4.847561,-181.32622
1621523826955,152.28659,11.189025,-172.33232
1621523826983,127.40854,15.6402445,-166.31097
1621523827013,100.60976,0.13719513,-162.54573
1621523827014,74.16159,-12.5,-138.91768
1621523827044,37.560978,7.7439027,-88.49085
1621523827075,3.612805,11.79878,-33.262196
1621523827075,-24.32927,-5.365854,10.731708
1621523827104,-43.948174,-30.015245,38.841465
1621523827135,-65.54878,-35.167683,57.8811
1621523827135,-163.15549,41.859756,68.018295
1621523827163,-255.06097,190.36586,38.307926
1621523827193,-173.9177,141.12805,94.19208
1621523827193,132.33232,-120.89939,108.76524
1621523827223,-9.283537,49.512196,1.4481708
1621523827253,0.45731708,12.027439,4.710366
1621523827253,22.97256,-27.317074,-1.7073171
1621523827284,6.25,10.70122,3.6890244
1621523827313,2.515244,21.814024,10.0
1621523827313,5.27439,7.3170733,2.8658538
1621523827343,3.7957318,7.2865853,1.5396342
1621523827373,3.7042685,6.295732,1.5396342
1621523827373,1.0518293,3.75,-2.195122
1621523827402,-0.36585367,0.80792683,-2.5304878
1621523827432,-0.36585367,0.030487806,-0.47256097
1621523827433,-0.51829267,0.16768293,0.36585367
1621523827463,-0.8993903,-1.25,-0.83841467
1621523827493,-0.91463417,-2.515244,-1.6463414
1621523827495,-0.7469512,-2.667683,-1.1280488
1621523827523,-0.15243903,-1.2347561,0.79268295
1621523827553,0.6707317,1.1585366,2.9420733
1621523827555,1.3109757,2.1189024,3.5060976
1621523827583,1.7987806,1.9969512,3.292683
1621523827613,2.4237804,2.042683,3.75
1621523827614,3.0487804,2.2713416,4.542683
1621523827644,3.2317073,2.195122,4.893293
1621523827675,3.445122,2.2408538,5.4420733
1621523827675,4.1615853,2.515244,6.402439
1621523827703,4.893293,2.820122,7.5
1621523827733,5.503049,3.262195,8.932927
1621523827733,5.762195,3.5365853,10.289635
1621523827762,5.5487804,3.292683,11.219512
1621523827793,4.740854,1.5396342,10.884147
1621523827793,4.115854,-1.5548781,11.463415
1621523827823,2.8810976,-5.655488,12.301829
1621523827853,0.16768293,-12.942074,12.027439
1621523827854,-5.777439,-11.448171,18.185976
1621523827884,-12.789635,-8.323171,27.164635
1621523827913,-33.643295,-8.1402445,39.60366
1621523827913,-85.83842,-14.832317,70.65549
1621523827943,-120.57927,-52.743904,87.02744
1621523827973,-187.65245,-73.42988,106.61585
1621523827973,-255.85367,-100.25915,117.164635
1621523828004,-338.2927,-118.826225,139.19208
1621523828033,-384.7866,-114.314026,184.39024
1621523828036,-298.58234,-78.871956,232.59148
1621523828064,-183.81097,-57.942074,245.1372
1621523828092,-87.5,-49.05488,237.19513
1621523828094,-51.143295,-1.1890244,219.72562
1621523828123,-14.908537,48.521343,141.02135
1621523828153,128.75,-26.79878,27.774391
1621523828155,156.57013,6.432927,-75.16769
1621523828183,92.393295,58.368904,-120.53354
1621523828213,77.0122,27.515245,-157.46951
1621523828213,103.85671,-12.439025,-194.6494
1621523828244,129.35976,-13.993903,-219.86281
1621523828275,149.51219,-0.8231707,-236.02135
1621523828275,175.47256,1.8292683,-245.42683
1621523828303,199.72562,0.88414633,-243.85672
1621523828335,210.03049,4.542683,-225.67073
1621523828335,202.48476,23.719513,-200.33537
1621523828363,188.61281,47.97256,-186.70732
1621523828393,175.76219,52.65244,-185.53354
1621523828393,167.21037,24.283537,-169.25305
1621523828423,103.201225,44.90854,-85.82317
1621523828453,40.47256,62.393295,11.996951
1621523828453,-71.50915,117.621956,90.25915
1621523828484,-216.57013,126.29574,150.68597
1621523828513,-164.7561,-59.69512,141.73781
1621523828513,82.926834,-24.359756,81.097565
1621523828543,-16.25,69.35976,6.631098
1621523828573,25.167683,-29.710367,1.6615855
1621523828573,12.789635,3.3841465,6.8140244
1621523828604,1.9512196,40.198174,22.088415
1621523828633,3.5518293,19.710367,12.789635
1621523828635,1.9664634,5.533537,1.6006098
1621523828663,3.3993902,1.3262196,2.2256098
1621523828694,1.875,-0.6707317,-0.06097561
1621523828723,0.85365856,-4.984756,-0.18292683
1621523828723,0.80792683,-6.8445125,2.057927
1621523828752,-0.36585367,-8.277439,-0.5487805
1621523828753,-1.0060976,-12.682927,-3.0640244
1621523828784,-0.076219514,-12.5,-1.6158537
1621523828812,0.9756098,-8.582317,0.13719513
1621523828843,2.515244,-4.9237804,3.125
1621523828844,4.0701222,-2.4390244,7.3170733
1621523828873,4.5731707,-1.722561,9.10061
1621523828903,4.420732,-1.1585366,9.207317
1621523828903,4.6189027,0.6097561,10.884147
1621523828932,4.893293,2.6219513,13.079268
1621523828963,4.2073174,5.1981707,14.268293
1621523828963,4.3292685,6.6768293,15.518293
1621523828993,4.4664636,7.3170733,17.804878
1621523829023,3.612805,8.963415,22.606709
1621523829023,-5.27439,11.082317,32.667683
1621523829053,-20.137196,7.896342,43.39939
1621523829083,-44.67988,-1.7073171,50.03049
1621523829084,-72.02744,-24.969513,54.512196
1621523829113,-119.314026,-54.07012,65.243904
1621523829143,-184.77135,-64.83232,81.46342
1621523829143,-245.68597,-93.201225,92.301834
1621523829174,-315.67075,-112.77439,110.83842
1621523829203,-413.2927,-112.33232,155.94513
1621523829203,-421.67685,-123.39939,210.53354
1621523829234,-312.86588,-95.44208,258.9177
1621523829263,-164.10062,-47.30183,271.31097
1621523829263,-61.539635,-42.45427,258.84146
1621523829292,-42.60671,21.036587,215.04573
1621523829324,-23.75,64.35976,124.34451
1621523829324,161.3567,-46.72256,-8.597561
1621523829353,163.10976,18.75,-101.55488
1621523829414,100.0,60.27439,-133.09451
1621523829444,87.36281,25.899391,-167.43903
1621523829444,114.40549,-0.36585367,-205.60976
1621523829445,148.09451,4.131098,-232.08842
1621523829447,175.18294,17.97256,-240.3811
1621523829474,203.46037,17.149391,-233.55183
1621523829503,230.41159,16.112804,-214.67989
1621523829503,253.55183,22.545732,-188.24695
1621523829533,268.81097,23.887196,-169.43597
1621523829562,266.4634,16.463415,-179.81708
1621523829563,240.625,0.5640244,-212.97256
1621523829592,204.61891,-20.411587,-234.34451
1621523829621,179.61891,0.6859756,-192.56097
1621523829623,129.74086,74.52744,-50.50305
1621523829653,17.743902,110.44208,125.54878
1621523829683,-126.814026,111.28049,214.32927
1621523829684,-182.57622,-103.33842,258.73477
1621523829713,-6.1890244,18.734756,158.17073
1621523829743,-20.228659,185.28964,52.82012
1621523829744,26.631098,-21.493902,6.768293
1621523829801,16.966463,-17.149391,3.6432927
1621523829802,-3.277439,24.314026,10.884147
1621523829803,0.28963414,4.131098,5.929878
1621523829832,-1.5853659,-11.920732,-5.045732
1621523829863,-0.44207317,-16.661585,-2.987805
1621523829863,-1.4939024,-14.192074,-4.359756
1621523829891,-1.0823171,-14.283537,-2.7134147
1621523829923,-0.7012195,-12.134147,0.5640244
1621523829923,-1.1585366,-12.256098,-0.16768293
1621523829951,-1.570122,-13.7652445,-1.0670732
1621523829981,-1.6463414,-15.030488,-1.9664634
1621523829982,-1.0518293,-16.17378,-1.0365853
1621523830012,-0.45731708,-15.823171,-0.41158536
1621523830042,0.51829267,-10.853659,0.83841467
1621523830043,2.4390244,-3.9176831,3.277439
1621523830072,4.0701222,1.3567073,5.792683
1621523830101,4.527439,4.1920733,7.164634
1621523830102,4.542683,6.4481707,7.6067076
1621523830132,4.4664636,10.945122,7.9573174
1621523830163,4.283537,15.564025,8.231708
1621523830163,4.085366,15.884147,7.9268293
1621523830192,3.887195,11.570122,7.3018293
1621523830221,3.277439,7.271342,6.143293
1621523830223,3.0487804,4.72561,5.335366
1621523830252,2.835366,2.362805,5.015244
1621523830281,2.7439024,0.18292683,5.0762196
1621523830283,2.3475611,-0.04573171,5.1981707
1621523830312,2.2865853,0.35060975,6.0670733
1621523830342,2.5304878,1.3567073,7.408537
1621523830343,2.7439024,3.8109758,8.338415
1621523830371,3.0335367,6.585366,9.29878
1621523830401,3.140244,9.557927,9.679878
1621523830402,3.0792685,10.884147,10.198171
1621523830432,2.682927,10.152439,11.204268
1621523830463,2.1646342,7.530488,11.814025
1621523830463,1.5396342,5.8689027,12.545732
1621523830492,2.2408538,7.4390244,15.884147
1621523830523,3.7042685,8.978659,18.963415
1621523830524,-0.80792683,10.609756,22.835367
1621523830552,-11.006098,8.429878,27.865854
1621523830581,-32.393295,-0.21341464,34.557926
1621523830582,-57.19512,-9.527439,44.192074
1621523830612,-71.98171,-26.737806,46.814026
1621523830673,-98.368904,-35.97561,50.89939
1621523830673,-119.222565,-40.685978,53.07927
1621523830674,-137.78964,-52.042683,51.0061
1621523830702,-155.0,-60.22866,54.192074
1621523830702,-180.8994,-61.35671,70.21342
1621523830733,-214.375,-55.457317,90.518295
1621523830762,-233.07927,-57.439026,116.051834
1621523830763,-204.46646,-52.012196,145.28964
1621523830792,-159.17683,-46.966465,169.67989
1621523830821,-109.43598,-66.143295,176.61586
1621523830824,-57.317074,-83.29269,183.67378
1621523830852,-28.292683,-86.92073,187.24086
1621523830883,-17.103659,-75.35061,153.93294
1621523830883,-24.024391,-28.719513,48.216465
1621523830912,11.310976,-19.420732,-61.814026
1621523830943,12.789635,-0.625,-137.59146
1621523830944,-10.0152445,10.152439,-158.41464
1621523830972,2.5914636,-3.8414636,-164.4817
1621523831002,38.75,1.9817073,-165.60976
1621523831031,78.35366,29.405489,-156.1433
1621523831033,110.15244,53.216465,-141.67683
1621523831062,136.03659,65.30488,-128.35367
1621523831092,150.12195,85.16769,-117.301834
1621523831093,156.0061,109.02439,-112.347565
1621523831122,152.68294,126.875,-116.90549
1621523831151,136.78354,136.58537,-130.47256
1621523831153,110.518295,145.68597,-154.32927
1621523831181,82.82012,155.12195,-186.9817
1621523831213,59.618904,162.97256,-222.0122
1621523831213,41.753048,156.34146,-246.29573
1621523831243,36.036587,110.54878,-230.60976
1621523831271,8.018292,64.58842,-149.0244
1621523831273,-28.018293,19.634148,-33.719513
1621523831302,-48.018295,-38.170734,50.365856
1621523831331,-152.65244,-70.54878,56.265244
1621523831333,-178.99391,93.62805,45.792683
1621523831361,154.72562,-159.87805,40.716465
1621523831392,6.0365853,11.95122,6.417683
1621523831392,5.5945125,-1.3567073,6.6920733
1621523831421,14.176829,-11.509147,1.2957318
1621523831453,8.902439,26.021341,18.780489
1621523831453,10.792684,20.868902,19.557928
1621523831482,5.4115853,11.631098,6.25
1621523831513,2.0731707,7.637195,1.1737806
1621523831513,0.73170733,5.5792685,-0.18292683
1621523831542,-0.7012195,4.405488,-2.4847562
1621523831572,-1.2804878,1.6615855,-3.7195122
1621523831573,-1.25,0.5945122,-3.2164636
1621523831602,-1.3414634,0.7012195,-2.820122
1621523831632,-1.6463414,1.0365853,-2.7286587
1621523831633,-1.4329269,0.85365856,-2.378049
1621523831662,-1.097561,0.73170733,-1.7530488
1621523831693,-1.1280488,1.2347561,-0.88414633
1621523831693,-0.8993903,1.8445122,-0.076219514
1621523831723,-0.625,1.7987806,0.09146342
1621523831752,-0.44207317,1.5853659,0.38109756
1621523831753,-0.076219514,1.417683,0.92987806
1621523831782,0.625,1.097561,1.4634147
1621523831811,0.7012195,1.2957318,2.1189024
1621523831813,0.92987806,1.4939024,2.5609756
1621523831842,1.4786586,0.25914633,2.317073
1621523831872,1.9817073,-2.362805,2.5762196
1621523831873,-0.73170733,0.22865854,2.515244
1621523831902,-3.307927,-0.19817074,-1.2804878
1621523831932,-2.5914636,-2.179878,-1.9512196
1621523831934,-0.91463417,-1.7987806,0.25914633
1621523831962,-0.27439025,-1.7378049,1.2347561
1621523831992,0.076219514,-2.1036587,1.9817073
1621523831992,0.39634147,-1.722561,3.1859758
1621523832022,0.9603659,-1.8597561,3.8414636
1621523832053,1.6006098,-1.6310976,4.1463413
1621523832053,1.5243902,0.04573171,4.3445125
1621523832082,1.4481708,1.6158537,3.765244
1621523832113,1.097561,2.3475611,2.8810976
1621523832113,1.2804878,2.012195,2.637195
1621523832142,1.2195122,1.9359757,2.317073
1621523832171,0.39634147,1.8445122,1.1432927
1621523832172,-0.18292683,1.5548781,0.15243903
1621523832201,-0.5792683,1.3567073,-0.38109756
1621523832232,-0.86890244,1.3719512,-0.83841467
1621523832233,-0.88414633,1.4634147,-1.1128049
1621523832264,-1.1280488,1.3262196,-1.3262196
1621523832293,-1.417683,0.77743906,-1.6768293
1621523832293,-1.570122,0.24390244,-1.9207318
1621523832323,-1.5548781,0.12195122,-1.722561
1621523832352,-0.8231707,-0.22865854,-0.51829267
1621523832353,0.09146342,-0.21341464,0.73170733
1621523832382,0.94512194,0.16768293,1.4634147
1621523832412,1.1280488,0.79268295,1.7073171
1621523832413,1.402439,0.8231707,1.8140244
1621523832444,1.3567073,0.77743906,1.8902439
1621523832473,0.9756098,0.625,1.5396342
1621523832474,0.79268295,0.15243903,1.2195122
1621523832505,0.42682928,-0.41158536,0.7012195
1621523832533,0.27439025,-0.7621951,0.5335366
1621523832535,0.36585367,-0.65548784,0.5335366
1621523832563,0.12195122,-0.19817074,0.21341464
1621523832593,-0.41158536,0.28963414,-0.12195122
1621523832595,-0.36585367,0.030487806,-0.27439025
1621523832623,-0.36585367,-0.41158536,-0.44207317
1621523832655,-0.24390244,-0.7012195,-0.36585367
1621523832655,-0.36585367,-0.7621951,-0.44207317
1621523832683,-0.36585367,-0.73170733,-0.35060975
1621523832714,-0.28963414,-0.42682928,-0.16768293
1621523832714,-0.28963414,-0.19817074,-0.19817074
1621523832743,-0.24390244,0.18292683,-0.25914633
1621523832773,-0.076219514,0.7012195,-0.18292683
1621523832773,-0.32012194,0.5335366,-0.65548784
1621523832802,-0.38109756,0.015243903,-1.0518293
1621523832833,-0.86890244,0.0,-1.5243902
1621523832834,-1.0518293,-0.27439025,-1.7378049
1621523832863,-1.097561,-0.36585367,-1.6615855
1621523832893,-0.94512194,-0.7012195,-1.4634147
1621523832893,-0.65548784,-0.99085367,-1.1585366
1621523832922,-0.47256097,-0.9603659,-0.92987806
1621523832953,-0.19817074,-0.65548784,-0.5030488
1621523832954,0.16768293,-0.21341464,-0.015243903
1621523832984,0.7012195,-0.21341464,0.4878049
1621523833043,0.9603659,-0.27439025,0.6402439
1621523833043,1.2195122,-0.5945122,0.79268295
1621523833047,1.0060976,-0.44207317,0.77743906
1621523833073,1.3567073,-0.77743906,0.73170733
1621523833074,1.1128049,-0.33536586,0.32012194
1621523833104,0.7621951,-0.19817074,0.0
1621523833133,0.92987806,-0.6402439,0.12195122
1621523833135,0.71646345,-1.0823171,-0.32012194
1621523833163,0.7012195,-1.0518293,-0.44207317
1621523833192,0.4878049,-0.8993903,-1.097561
1621523833223,0.30487806,-0.4878049,-1.4786586
1621523833223,0.27439025,-0.015243903,-1.417683
1621523833254,0.12195122,0.015243903,-1.4939024
1621523833283,0.33536586,-0.24390244,-1.25
1621523833283,0.7012195,0.0,-0.7012195
1621523833313,0.71646345,0.41158536,-0.45731708
1621523833343,0.91463417,0.42682928,0.076219514
1621523833343,1.25,0.6707317,0.79268295
1621523833372,1.402439,0.99085367,1.4329269
1621523833402,1.4329269,1.3414634,1.9664634
1621523833403,1.6463414,1.5548781,2.362805
1621523833432,1.3414634,2.012195,2.4695122
1621523833493,1.402439,2.378049,2.987805
1621523833494,1.5548781,2.7591465,3.582317
1621523833494,1.7378049,3.140244,3.8262196
1621523833494,2.1036587,3.7195122,4.557927
1621523833554,2.515244,4.542683,5.609756
1621523833554,2.698171,4.9390244,6.5701222
1621523833582,2.957317,3.9634147,7.682927
1621523833584,2.4085367,2.652439,8.689025
1621523833614,1.3567073,0.625,8.109756
1621523833644,0.30487806,-0.4878049,7.027439
1621523833644,-0.06097561,-0.86890244,7.789634
1621523833674,-0.51829267,-1.6310976,10.381098
1621523833703,-0.92987806,-3.9786587,11.875
1621523833703,-3.1707318,-6.265244,13.307927
1621523833732,-12.22561,-4.02439,20.914635
1621523833763,-24.72561,-0.77743906,30.457317
1621523833763,-39.634148,0.6402439,37.271343
1621523833792,-50.838417,-12.606708,39.28354
1621523833823,-64.45122,-27.942074,45.442074
1621523833823,-80.564026,-43.841465,51.814026
1621523833853,-99.57317,-50.42683,57.012196
1621523833883,-117.82012,-53.55183,63.59756
1621523833883,-140.04573,-43.65854,70.18293
1621523833913,-161.53964,-28.185976,81.189026
1621523833944,-171.85976,-10.853659,95.09147
1621523833944,-157.83537,12.027439,109.87805
1621523834003,-126.12805,29.146341,125.77744
1621523834004,-79.98476,33.521343,134.71037
1621523834004,-38.612804,45.22866,139.07013
1621523834033,-1.417683,61.43293,130.74695
1621523834063,2.698171,92.14939,104.52744
1621523834064,-8.368902,79.77135,13.338415
1621523834093,19.695122,32.743904,-86.21951
1621523834123,11.996951,59.207317,-151.66159
1621523834125,-8.323171,56.707317,-165.85367
1621523834153,-4.405488,34.862804,-161.29573
1621523834183,12.118903,19.32927,-158.84146
1621523834184,28.978659,15.945123,-159.67989
1621523834214,42.02744,19.80183,-158.10976
1621523834243,52.80488,16.189024,-155.15244
1621523834244,61.28049,10.929878,-154.51219
1621523834274,64.63415,10.89939,-155.1067
1621523834305,61.875,17.713415,-155.5183
1621523834305,56.036587,24.207317,-157.43903
1621523834333,44.420734,29.740854,-161.46342
1621523834364,29.939026,32.210365,-165.24391
1621523834364,13.948171,29.771341,-163.9177
1621523834424,-2.9268293,15.335366,-149.96951
1621523834454,-36.78354,1.0518293,-102.77439
1621523834454,-102.439026,59.95427,-8.506098
1621523834457,-49.466465,152.68294,44.115856
1621523834483,30.853659,48.582317,21.631098
1621523834483,25.060976,3.8719513,15.762196
1621523834513,20.792683,-10.060976,13.490854
1621523834543,11.067074,-22.42378,1.4481708
1621523834543,1.9359757,-8.536586,-2.652439
1621523834575,5.137195,-1.2957318,1.9664634
1621523834603,5.8689027,9.314025,9.908537
1621523834603,3.8109758,10.762196,9.054878
1621523834634,1.7530488,7.256098,4.679878
1621523834663,0.5640244,5.0914636,2.3018293
1621523834665,0.16768293,2.7439024,0.5335366
1621523834694,-0.16768293,0.5792683,-1.7530488
1621523834723,-0.5792683,0.41158536,-2.5762196
1621523834725,-1.1585366,1.5853659,-3.125
1621523834753,-1.9207318,2.7743902,-3.5213416
1621523834783,-2.179878,1.8445122,-4.02439
1621523834785,-1.9817073,-0.22865854,-5.152439
1621523834814,-1.1890244,-0.5945122,-4.4664636
1621523834844,-0.38109756,-0.015243903,-2.7439024
1621523834844,0.076219514,-0.39634147,-1.4939024
1621523834872,0.16768293,-1.722561,-0.625
1621523834904,0.35060975,-3.0792685,0.0
1621523834904,0.5640244,-3.460366,0.5792683
1621523834933,0.9756098,-3.1707318,0.80792683
1621523834993,1.1128049,-2.1646342,1.2042683
1621523834994,1.1128049,-1.0670732,1.875
1621523834994,0.9603659,-0.27439025,2.2865853
1621523835023,0.7621951,-0.21341464,2.1341465
1621523835023,0.38109756,-0.39634147,1.5243902
1621523835054,0.16768293,-0.44207317,0.99085367
1621523835083,0.32012194,-0.076219514,1.2195122
1621523835083,0.83841467,0.33536586,1.7682927
1621523835114,1.1890244,0.25914633,2.0884147
1621523835143,1.5548781,0.24390244,2.4847562
1621523835144,2.1036587,0.38109756,3.1554878
1621523835174,2.5,0.86890244,3.628049
1621523835203,2.667683,1.5548781,3.9634147
1621523835203,3.003049,2.210366,4.512195
1621523835233,3.4756098,1.8597561,5.914634
1621523835263,3.6585367,0.0,6.9512196
1621523835264,2.8658538,-2.4390244,7.6219516
1621523835294,1.722561,-3.9786587,9.29878
1621523835323,0.88414633,-1.3262196,10.243902
1621523835325,0.10670732,1.2652439,9.359756
1621523835354,0.22865854,1.8597561,10.807927
1621523835383,-0.94512194,0.38109756,13.734756
1621523835413,-4.527439,-2.1646342,16.082317
1621523835414,-10.030488,-4.405488,19.375
1621523835443,-18.170732,-3.7347562,26.966463
1621523835473,-31.631098,-3.3841465,40.960365
1621523835473,-54.009148,-15.243903,54.67988
1621523835536,-87.22561,-35.10671,62.332317
1621523835536,-129.66464,-56.12805,69.72561
1621523835536,-179.375,-70.426834,81.85976
1621523835564,-226.79878,-75.89939,102.72866
1621523835593,-255.32013,-76.85976,134.40549
1621523835593,-228.41464,-69.92378,163.125
1621523835624,-180.65549,-47.667683,185.64024
1621523835653,-131.60062,-28.231709,207.37805
1621523835654,-86.051834,15.792684,206.89024
1621523835683,-27.560976,21.265244,164.32927
1621523835713,104.375,-42.378048,65.21342
1621523835713,44.496952,28.948172,6.905488
1621523835744,-11.280488,56.295734,-37.92683
1621523835773,24.542683,25.70122,-90.44208
1621523835775,66.79878,-1.5091463,-118.871956
1621523835804,97.2561,-15.243903,-136.69208
1621523835833,118.10976,-19.375,-156.0061
1621523835835,121.996956,-27.97256,-170.09146
1621523835865,115.914635,-39.618904,-180.74695
1621523835893,114.92378,-31.12805,-187.89635
1621523835893,118.32317,-7.7134147,-187.08842
1621523835923,115.53354,6.8140244,-180.60976
1621523835953,113.33842,10.030488,-168.59756
1621523835953,110.472565,18.993902,-144.84756
1621523835983,96.20427,26.935976,-114.96951
1621523836013,66.310974,34.375,-87.118904
1621523836013,24.054878,42.82012,-69.20732
1621523836043,-19.80183,45.487804,-60.70122
1621523836103,-51.67683,37.77439,-54.542683
1621523836103,-67.89634,32.34756,-40.365856
1621523836106,-7.881098,98.04878,-67.82012
1621523836133,7.9725614,308.61282,-27.012196
1621523836133,-9.405488,44.207317,42.286587
1621523836164,3.292683,-77.08842,57.02744
1621523836193,10.27439,0.06097561,56.417683
1621523836193,17.073172,-0.45731708,36.143295
1621523836222,14.4207325,10.853659,-11.371951
1621523836252,16.615854,17.134148,-16.05183
1621523836255,11.646341,11.661586,3.6890244
1621523836283,4.375,2.7743902,0.7469512
1621523836313,3.6890244,4.862805,-2.7134147
1621523836314,1.9054879,3.003049,-3.3536587
1621523836343,1.4939024,2.5762196,-3.3841465
1621523836372,1.722561,4.3292685,-3.4146342
1621523836375,2.2256098,5.4115853,-1.2042683
1621523836403,2.4085367,5.1067076,-0.7012195
1621523836435,3.0792685,5.8841467,-2.4695122
1621523836435,4.4512196,7.698171,-3.140244
1621523836463,5.121951,7.637195,-4.2987804
1621523836495,4.359756,6.3567076,-6.128049
1621523836495,3.0182927,5.121951,-7.3170733
1621523836523,2.195122,3.2164636,-8.551829
1621523836553,1.4329269,1.6158537,-9.085366
1621523836553,0.44207317,-0.35060975,-9.131098
1621523836582,0.19817074,-1.1585366,-8.810976
1621523836613,0.076219514,-1.5853659,-8.185976
1621523836615,0.09146342,-1.8902439,-7.012195
1621523836644,0.16768293,-1.9969512,-5.152439
1621523836673,1.1585366,-1.4939024,-3.292683
1621523836673,1.7987806,0.19817074,-3.3993902
1621523836703,1.5853659,0.51829267,-4.0701222
1621523836733,1.2804878,-0.4878049,-4.3445125
1621523836733,0.7469512,-0.4878049,-4.375
1621523836763,-0.6402439,0.39634147,-3.0182927
1621523836792,-1.6310976,0.71646345,-1.5548781
1621523836793,-1.5091463,0.8231707,-1.3262196
1621523836822,-1.3719512,2.317073,-1.722561
1621523836853,-1.0823171,3.2469513,-0.77743906
1621523836855,0.27439025,4.664634,0.85365856
1621523836914,0.42682928,5.670732,0.77743906
1621523836944,0.77743906,5.015244,0.35060975
1621523836947,0.99085367,3.902439,0.18292683
1621523836947,1.4329269,2.9420733,-1.0213414
1621523836974,1.3567073,3.0640244,-2.5762196
1621523836974,1.1585366,3.612805,-2.378049
1621523837003,0.45731708,3.5518293,-1.3414634
1621523837035,-0.04573171,2.9268293,0.10670732
1621523837035,-0.6707317,2.4390244,2.1493902
1621523837064,-1.8445122,2.2713416,4.0701222
1621523837094,-2.835366,2.5457318,6.875
1621523837094,-3.445122,3.2317073,8.719512
1621523837122,-3.0792685,2.7896342,9.45122
1621523837153,-2.5304878,1.3719512,9.557927
1621523837153,-3.6737807,1.0060976,7.7286587
1621523837182,-2.9725611,3.277439,8.216464
1621523837211,-3.7347562,1.6920732,10.97561
1621523837213,-5.640244,-1.5548781,13.033537
1621523837245,-6.9512196,-4.02439,13.277439
1621523837273,-6.097561,-3.5670733,12.835366
1621523837273,-3.2469513,0.04573171,10.259147
1621523837303,-1.2042683,2.8810976,7.164634
1621523837333,-1.1128049,3.277439,5.381098
1621523837334,-1.5091463,1.3262196,5.2286587
1621523837362,-2.012195,-0.5030488,5.4115853
1621523837392,-2.3475611,-0.73170733,4.740854
1621523837393,-2.3018293,0.36585367,3.9634147
1621523837422,-2.4695122,0.79268295,4.3445125
1621523837453,-3.3384147,0.18292683,6.0670733
1621523837453,-4.0701222,-0.39634147,7.515244
1621523837481,-4.222561,-0.5487805,7.5762196
1621523837512,-3.8262196,-0.5945122,6.1890244
1621523837514,-2.820122,-0.35060975,4.054878
1621523837542,-1.6158537,0.6097561,1.8292683
1621523837572,-0.6859756,1.3719512,0.030487806
1621523837603,0.0,1.6310976,-0.86890244
1621523837603,0.38109756,1.3719512,-1.2804878
1621523837632,0.22865854,0.6859756,-2.027439
1621523837662,-0.15243903,-0.18292683,-1.722561
1621523837663,-0.35060975,-0.5640244,-0.86890244
1621523837693,0.12195122,-0.24390244,-0.38109756
1621523837722,0.625,0.42682928,-1.2042683
1621523837724,0.8993903,0.8993903,-2.362805
1621523837752,0.5640244,1.3262196,-2.515244
1621523837781,0.32012194,0.9756098,-0.8993903
1621523837782,-0.10670732,0.41158536,0.24390244
1621523837812,-0.5030488,-0.33536586,0.04573171
1621523837843,-0.076219514,-0.10670732,-0.5792683
1621523837843,0.7621951,0.79268295,-1.875
1621523837901,1.5243902,1.0365853,-3.3384147
1621523837903,1.8292683,1.0518293,-3.6737807
1621523837905,1.7682927,1.0060976,-3.3993902
1621523837932,1.875,0.5945122,-3.292683
1621523837961,1.570122,0.04573171,-2.9115853
1621523837962,0.7621951,0.015243903,-2.1646342
1621523837992,0.5335366,-0.33536586,-1.7987806
1621523838022,0.5945122,-0.33536586,-1.417683
1621523838023,0.5792683,-0.076219514,-1.2652439
1621523838051,0.22865854,0.030487806,-0.71646345
1621523838083,-0.7012195,-0.91463417,0.36585367
1621523838083,-0.79268295,-2.637195,1.4634147
1621523838112,-1.4939024,-2.987805,1.8597561
1621523838141,-1.25,-2.210366,0.88414633
1621523838143,-0.5792683,-1.3719512,-0.16768293
1621523838171,-0.09146342,-0.4878049,-0.10670732
1621523838201,0.18292683,0.18292683,-0.25914633
1621523838203,0.5640244,0.65548784,-0.6707317
1621523838232,0.6707317,0.9756098,-0.625
1621523838262,0.92987806,1.2652439,-0.6402439
1621523838263,1.097561,1.3871951,-1.4329269
1621523838292,0.91463417,1.097561,-2.027439
1621523838322,0.71646345,0.73170733,-0.88414633
1621523838323,0.6859756,0.83841467,-0.030487806
1621523838351,0.88414633,1.3719512,-0.7621951
1621523838381,0.91463417,1.5243902,-0.8993903
1621523838383,0.71646345,1.3871951,-0.32012194
1621523838412,0.65548784,1.1890244,-0.19817074
1621523838441,0.7469512,1.1432927,-0.5335366
1621523838443,0.73170733,1.0670732,-0.6859756
1621523838472,0.5487805,0.6859756,-0.85365856
1621523838501,0.38109756,0.41158536,-0.88414633
1621523838504,0.38109756,0.42682928,-0.85365856
1621523838532,0.44207317,0.5945122,-0.83841467
1621523838562,0.51829267,0.5487805,-0.80792683
1621523838562,0.65548784,0.6097561,-0.88414633
1621523838592,0.6402439,0.51829267,-1.0213414
1621523838621,0.5335366,0.18292683,-1.2957318
1621523838623,0.32012194,0.076219514,-1.3414634
1621523838651,0.19817074,-0.030487806,-1.1890244
1621523838683,0.09146342,-0.22865854,-1.0213414
1621523838683,-0.33536586,-0.5487805,-0.5945122
1621523838712,-0.9603659,-1.2652439,0.22865854
1621523838742,-1.0823171,-1.6768293,0.625
1621523838743,-0.7621951,-1.2652439,0.27439025
1621523838772,-0.7621951,-0.85365856,0.28963414
1621523838802,-1.0060976,-1.0670732,1.4329269
1621523838802,-1.4481708,-1.6920732,2.6067073
1621523838832,-2.057927,-2.5304878,2.7439024
1621523838863,-2.378049,-2.8810976,2.4542685
1621523838863,-2.3018293,-2.7134147,2.6067073
1621523838892,-1.9817073,-2.332317,2.2713416
1621523838923,-1.4481708,-1.6310976,0.77743906
1621523838923,-0.99085367,-0.8993903,0.06097561
1621523838952,-0.5335366,-0.12195122,0.076219514
1621523838982,-0.10670732,0.65548784,-0.42682928
1621523838983,0.16768293,1.1432927,-0.71646345
1621523839012,0.10670732,1.2652439,-0.22865854
1621523839043,0.09146342,1.0823171,0.5030488
1621523839043,0.19817074,0.99085367,0.65548784
1621523839073,0.10670732,0.71646345,0.79268295
1621523839103,-0.16768293,0.16768293,0.92987806
1621523839103,-0.10670732,0.15243903,0.42682928
1621523839134,0.39634147,0.85365856,-0.42682928
1621523839163,0.7621951,1.4329269,-1.2195122
1621523839163,0.65548784,1.2195122,-1.1737806
1621523839193,0.5030488,0.91463417,-1.1128049
1621523839224,0.5640244,0.79268295,-1.3871951
1621523839225,0.65548784,0.79268295,-1.4634147
1621523839254,0.5945122,0.7469512,-1.5396342
1621523839283,0.77743906,0.80792683,-1.5853659
1621523839284,1.0823171,1.1128049,-1.9817073
1621523839314,1.1585366,1.417683,-2.3932927
1621523839344,0.99085367,1.4481708,-1.9664634
1621523839344,0.7469512,1.097561,-1.417683
1621523839373,0.6097561,1.0213414,-1.2347561
1621523839403,0.9603659,1.0060976,-1.1890244
1621523839405,0.7012195,0.88414633,-0.83841467
1621523839434,0.30487806,0.7012195,-0.33536586
1621523839496,0.09146342,0.18292683,0.42682928
1621523839496,-0.13719513,-0.80792683,1.4939024
1621523839496,-0.38109756,-2.195122,2.9420733
1621523839525,-1.3414634,-3.8262196,5.0
1621523839525,-1.9512196,-5.2134147,7.3018293
1621523839553,-1.7073171,-5.472561,8.978659
1621523839583,-0.80792683,-3.8719513,8.871951
1621523839583,0.30487806,-2.027439,8.064025
1621523839613,1.4634147,-0.18292683,9.939025
1621523839643,1.3109757,0.625,12.408537
1621523839643,0.16768293,-0.6707317,13.887196
1621523839674,-1.8445122,-2.179878,15.838415
1621523839703,-2.682927,-2.2408538,18.07927
1621523839703,-4.131098,1.1128049,21.524391
1621523839732,-8.353659,3.460366,25.670732
1621523839763,-14.02439,3.5060976,29.161587
1621523839763,-22.256098,5.35061,30.960367
1621523839793,-32.332317,4.085366,28.109756
1621523839824,-35.792683,-6.6920733,21.768293
1621523839825,-44.466465,-12.545732,19.92378
1621523839853,-48.048782,-17.820122,15.777439
1621523839882,-55.442074,-21.996952,14.222561
1621523839912,-67.94208,-23.62805,14.679878
1621523839913,-82.66769,-27.164635,14.222561
1621523839942,-101.55488,-34.420734,20.213415
1621523839973,-116.69208,-54.725613,39.085365
1621523839973,-137.53049,-81.310974,70.960365
1621523840004,-180.54878,-103.00305,105.701225
1621523840033,-227.21037,-93.30793,129.40549
1621523840033,-263.14026,-76.57012,147.30183
1621523840063,-187.2561,-83.33842,135.01524
1621523840093,-120.99086,-58.490856,101.52439
1621523840093,-150.16768,46.72256,104.28354
1621523840125,-157.45427,62.21037,68.61281
1621523840154,-186.08232,33.39939,44.253048
1621523840154,-124.69512,-28.948172,68.52134
1621523840184,-65.92988,-75.99085,124.98476
1621523840213,-19.542683,-91.98171,143.8567
1621523840216,10.396341,-77.835365,143.2317
1621523840244,15.533537,-58.15549,136.02135
1621523840273,23.155489,-39.740856,120.99086
1621523840274,30.50305,-14.146341,102.59147
1621523840304,35.89939,2.5457318,76.875
1621523840333,41.021343,2.7591465,48.689026
1621523840335,49.390244,-8.20122,19.832317
1621523840364,55.823174,-18.506098,-10.960366
1621523840392,59.832317,-24.161587,-46.25
1621523840395,67.789635,-28.064026,-78.643295
1621523840423,81.814026,-36.47866,-98.62805
1621523840453,100.68598,-47.37805,-112.347565
1621523840453,122.835365,-49.237804,-123.5061
1621523840482,143.53659,-48.917683,-128.87195
1621523840514,157.37805,-45.73171,-130.33537
1621523840515,164.74086,-36.280487,-132.69818
1621523840542,170.39635,-25.47256,-137.86586
1621523840573,181.5244,-29.481709,-137.72867
1621523840573,198.21646,-35.685978,-121.6311
1621523840602,212.13416,-25.411587,-92.82012
1621523840633,222.48476,-19.085367,-67.13415
1621523840633,234.1311,-25.838415,-49.618904
1621523840663,232.0427,-26.234756,-41.890244
1621523840693,201.32622,-21.996952,-46.600613
1621523840693,151.5244,-15.564025,-56.509148
1621523840723,99.92378,-8.04878,-69.90854
1621523840753,61.661587,-10.091464,-82.22561
1621523840753,31.371952,-6.7225614,-81.006096
1621523840784,13.780488,4.4664636,-66.371956
1621523840813,12.957317,11.79878,-44.786587
1621523840816,19.817074,9.92378,-19.17683
1621523840844,27.42378,1.5243902,8.628049
1621523840873,34.375,-6.6920733,31.493904
1621523840874,39.32927,-11.875,43.109756
1621523840903,36.920734,-14.359756,45.670734
1621523840933,28.612806,-15.137196,43.612804
1621523840935,17.57622,-15.853659,39.268295
1621523840964,-46.32622,4.2073174,30.50305
1621523840993,-87.789635,75.121956,10.579268
1621523840995,-30.914635,-11.006098,45.77744
1621523841024,-52.393295,11.478659,73.8872
1621523841053,-38.125,85.27439,19.32927
1621523841053,8.384147,-37.332317,-12.881098
1621523841082,-4.9695125,-19.481709,-8.887196
1621523841115,-4.9542685,-2.2713416,-6.25
1621523841115,7.530488,-15.518293,-3.6737807
1621523841143,3.0945122,5.1981707,3.4756098
1621523841173,-0.88414633,28.70427,13.932927
1621523841173,1.5243902,35.289635,21.09756
1621523841202,3.4908538,32.515244,24.84756
1621523841233,3.1859758,30.838415,25.396341
1621523841234,5.365854,21.371952,19.84756
1621523841263,6.539634,12.332317,13.003049
1621523841293,6.890244,9.344512,9.832317
1621523841293,7.515244,9.161586,9.314025
1621523841322,6.2195125,10.243902,8.460366
1621523841352,3.9939024,9.192074,6.417683
1621523841353,2.4085367,7.530488,4.756098
1621523841383,1.402439,7.012195,4.222561
1621523841413,0.7469512,6.3414636,3.8719513
1621523841416,0.42682928,4.984756,3.8567073
1621523841443,0.5487805,3.0945122,3.8414636

